FFT_PROCESSING_Q15Process 1024 samples
0 2047
1 2447
2 2831
3 3185
4 3498
5 3750
6 3939
7 4056
8 4095
9 4056
10 3939
11 3750
12 3495
13 3185
14 2831
15 2447
16 2047
17 1647
18 1263
19 909
20 599
21 344
22 155
23 38
24 0
25 38
26 155
27 344
28 599
29 909
30 1263
31 1647
32 2047
33 2447
34 2831
35 3185
36 3498
37 3750
38 3939
39 4056
40 4095
41 4056
42 3939
43 3750
44 3495
45 3185
46 2831
47 2447
48 2047
49 1647
50 1263
51 909
52 599
53 344
54 155
55 38
56 0
57 38
58 155
59 344
60 599
61 909
62 1263
63 1647
64 2047
65 2447
66 2831
67 3185
68 3498
69 3750
70 3939
71 4056
72 4095
73 4056
74 3939
75 3750
76 3495
77 3185
78 2831
79 2447
80 2047
81 1647
82 1263
83 909
84 599
85 344
86 155
87 38
88 0
89 38
90 155
91 344
92 599
93 909
94 1263
95 1647
96 2047
97 2447
98 2831
99 3185
100 3498
101 3750
102 3939
103 4056
104 4095
105 4056
106 3939
107 3750
108 3495
109 3185
110 2831
111 2447
112 2047
113 1647
114 1263
115 909
116 599
117 344
118 155
119 38
120 0
121 38
122 155
123 344
124 599
125 909
126 1263
127 1647
128 2047
129 2447
130 2831
131 3185
132 3498
133 3750
134 3939
135 4056
136 4095
137 4056
138 3939
139 3750
140 3495
141 3185
142 2831
143 2447
144 2047
145 1647
146 1263
147 909
148 599
149 344
150 155
151 38
152 0
153 38
154 155
155 344
156 599
157 909
158 1263
159 1647
160 2047
161 2447
162 2831
163 3185
164 3498
165 3750
166 3939
167 4056
168 4095
169 4056
170 3939
171 3750
172 3495
173 3185
174 2831
175 2447
176 2047
177 1647
178 1263
179 909
180 599
181 344
182 155
183 38
184 0
185 38
186 155
187 344
188 599
189 909
190 1263
191 1647
192 2047
193 2447
194 2831
195 3185
196 3498
197 3750
198 3939
199 4056
200 4095
201 4056
202 3939
203 3750
204 3495
205 3185
206 2831
207 2447
208 2047
209 1647
210 1263
211 909
212 599
213 344
214 155
215 38
216 0
217 38
218 155
219 344
220 599
221 909
222 1263
223 1647
224 2047
225 2447
226 2831
227 3185
228 3498
229 3750
230 3939
231 4056
232 4095
233 4056
234 3939
235 3750
236 3495
237 3185
238 2831
239 2447
240 2047
241 1647
242 1263
243 909
244 599
245 344
246 155
247 38
248 0
249 38
250 155
251 344
252 599
253 909
254 1263
255 1647
256 2047
257 2447
258 2831
259 3185
260 3498
261 3750
262 3939
263 4056
264 4095
265 4056
266 3939
267 3750
268 3495
269 3185
270 2831
271 2447
272 2047
273 1647
274 1263
275 909
276 599
277 344
278 155
279 38
280 0
281 38
282 155
283 344
284 599
285 909
286 1263
287 1647
288 2047
289 2447
290 2831
291 3185
292 3498
293 3750
294 3939
295 4056
296 4095
297 4056
298 3939
299 3750
300 3495
301 3185
302 2831
303 2447
304 2047
305 1647
306 1263
307 909
308 599
309 344
310 155
311 38
312 0
313 38
314 155
315 344
316 599
317 909
318 1263
319 1647
320 2047
321 2447
322 2831
323 3185
324 3498
325 3750
326 3939
327 4056
328 4095
329 4056
330 3939
331 3750
332 3495
333 3185
334 2831
335 2447
336 2047
337 1647
338 1263
339 909
340 599
341 344
342 155
343 38
344 0
345 38
346 155
347 344
348 599
349 909
350 1263
351 1647
352 2047
353 2447
354 2831
355 3185
356 3498
357 3750
358 3939
359 4056
360 4095
361 4056
362 3939
363 3750
364 3495
365 3185
366 2831
367 2447
368 2047
369 1647
370 1263
371 909
372 599
373 344
374 155
375 38
376 0
377 38
378 155
379 344
380 599
381 909
382 1263
383 1647
384 2047
385 2447
386 2831
387 3185
388 3498
389 3750
390 3939
391 4056
392 4095
393 4056
394 3939
395 3750
396 3495
397 3185
398 2831
399 2447
400 2047
401 1647
402 1263
403 909
404 599
405 344
406 155
407 38
408 0
409 38
410 155
411 344
412 599
413 909
414 1263
415 1647
416 2047
417 2447
418 2831
419 3185
420 3498
421 3750
422 3939
423 4056
424 4095
425 4056
426 3939
427 3750
428 3495
429 3185
430 2831
431 2447
432 2047
433 1647
434 1263
435 909
436 599
437 344
438 155
439 38
440 0
441 38
442 155
443 344
444 599
445 909
446 1263
447 1647
448 2047
449 2447
450 2831
451 3185
452 3498
453 3750
454 3939
455 4056
456 4095
457 4056
458 3939
459 3750
460 3495
461 3185
462 2831
463 2447
464 2047
465 1647
466 1263
467 909
468 599
469 344
470 155
471 38
472 0
473 38
474 155
475 344
476 599
477 909
478 1263
479 1647
480 2047
481 2447
482 2831
483 3185
484 3498
485 3750
486 3939
487 4056
488 4095
489 4056
490 3939
491 3750
492 3495
493 3185
494 2831
495 2447
496 2047
497 1647
498 1263
499 909
500 599
501 344
502 155
503 38
504 0
505 38
506 155
507 344
508 599
509 909
510 1263
511 1647
512 2047
513 2447
514 2831
515 3185
516 3498
517 3750
518 3939
519 4056
520 4095
521 4056
522 3939
523 3750
524 3495
525 3185
526 2831
527 2447
528 2047
529 1647
530 1263
531 909
532 599
533 344
534 155
535 38
536 0
537 38
538 155
539 344
540 599
541 909
542 1263
543 1647
544 2047
545 2447
546 2831
547 3185
548 3498
549 3750
550 3939
551 4056
552 4095
553 4056
554 3939
555 3750
556 3495
557 3185
558 2831
559 2447
560 2047
561 1647
562 1263
563 909
564 599
565 344
566 155
567 38
568 0
569 38
570 155
571 344
572 599
573 909
574 1263
575 1647
576 2047
577 2447
578 2831
579 3185
580 3498
581 3750
582 3939
583 4056
584 4095
585 4056
586 3939
587 3750
588 3495
589 3185
590 2831
591 2447
592 2047
593 1647
594 1263
595 909
596 599
597 344
598 155
599 38
600 0
601 38
602 155
603 344
604 599
605 909
606 1263
607 1647
608 2047
609 2447
610 2831
611 3185
612 3498
613 3750
614 3939
615 4056
616 4095
617 4056
618 3939
619 3750
620 3495
621 3185
622 2831
623 2447
624 2047
625 1647
626 1263
627 909
628 599
629 344
630 155
631 38
632 0
633 38
634 155
635 344
636 599
637 909
638 1263
639 1647
640 2047
641 2447
642 2831
643 3185
644 3498
645 3750
646 3939
647 4056
648 4095
649 4056
650 3939
651 3750
652 3495
653 3185
654 2831
655 2447
656 2047
657 1647
658 1263
659 909
660 599
661 344
662 155
663 38
664 0
665 38
666 155
667 344
668 599
669 909
670 1263
671 1647
672 2047
673 2447
674 2831
675 3185
676 3498
677 3750
678 3939
679 4056
680 4095
681 4056
682 3939
683 3750
684 3495
685 3185
686 2831
687 2447
688 2047
689 1647
690 1263
691 909
692 599
693 344
694 155
695 38
696 0
697 38
698 155
699 344
700 599
701 909
702 1263
703 1647
704 2047
705 2447
706 2831
707 3185
708 3498
709 3750
710 3939
711 4056
712 4095
713 4056
714 3939
715 3750
716 3495
717 3185
718 2831
719 2447
720 2047
721 1647
722 1263
723 909
724 599
725 344
726 155
727 38
728 0
729 38
730 155
731 344
732 599
733 909
734 1263
735 1647
736 2047
737 2447
738 2831
739 3185
740 3498
741 3750
742 3939
743 4056
744 4095
745 4056
746 3939
747 3750
748 3495
749 3185
750 2831
751 2447
752 2047
753 1647
754 1263
755 909
756 599
757 344
758 155
759 38
760 0
761 38
762 155
763 344
764 599
765 909
766 1263
767 1647
768 2047
769 2447
770 2831
771 3185
772 3498
773 3750
774 3939
775 4056
776 4095
777 4056
778 3939
779 3750
780 3495
781 3185
782 2831
783 2447
784 2047
785 1647
786 1263
787 909
788 599
789 344
790 155
791 38
792 0
793 38
794 155
795 344
796 599
797 909
798 1263
799 1647
800 2047
801 2447
802 2831
803 3185
804 3498
805 3750
806 3939
807 4056
808 4095
809 4056
810 3939
811 3750
812 3495
813 3185
814 2831
815 2447
816 2047
817 1647
818 1263
819 909
820 599
821 344
822 155
823 38
824 0
825 38
826 155
827 344
828 599
829 909
830 1263
831 1647
832 2047
833 2447
834 2831
835 3185
836 3498
837 3750
838 3939
839 4056
840 4095
841 4056
842 3939
843 3750
844 3495
845 3185
846 2831
847 2447
848 2047
849 1647
850 1263
851 909
852 599
853 344
854 155
855 38
856 0
857 38
858 155
859 344
860 599
861 909
862 1263
863 1647
864 2047
865 2447
866 2831
867 3185
868 3498
869 3750
870 3939
871 4056
872 4095
873 4056
874 3939
875 3750
876 3495
877 3185
878 2831
879 2447
880 2047
881 1647
882 1263
883 909
884 599
885 344
886 155
887 38
888 0
889 38
890 155
891 344
892 599
893 909
894 1263
895 1647
896 2047
897 2447
898 2831
899 3185
900 3498
901 3750
902 3939
903 4056
904 4095
905 4056
906 3939
907 3750
908 3495
909 3185
910 2831
911 2447
912 2047
913 1647
914 1263
915 909
916 599
917 344
918 155
919 38
920 0
921 38
922 155
923 344
924 599
925 909
926 1263
927 1647
928 2047
929 2447
930 2831
931 3185
932 3498
933 3750
934 3939
935 4056
936 4095
937 4056
938 3939
939 3750
940 3495
941 3185
942 2831
943 2447
944 2047
945 1647
946 1263
947 909
948 599
949 344
950 155
951 38
952 0
953 38
954 155
955 344
956 599
957 909
958 1263
959 1647
960 2047
961 2447
962 2831
963 3185
964 3498
965 3750
966 3939
967 4056
968 4095
969 4056
970 3939
971 3750
972 3495
973 3185
974 2831
975 2447
976 2047
977 1647
978 1263
979 909
980 599
981 344
982 155
983 38
984 0
985 38
986 155
987 344
988 599
989 909
990 1263
991 1647
992 2047
993 2447
994 2831
995 3185
996 3498
997 3750
998 3939
999 4056
1000 4095
1001 4056
1002 3939
1003 3750
1004 3495
1005 3185
1006 2831
1007 2447
1008 2047
1009 1647
1010 1263
1011 909
1012 599
1013 344
1014 155
1015 38
1016 0
1017 38
1018 155
1019 344
1020 599
1021 909
1022 1263
1023 1647
1024 2047
1025 2447
1026 2831
1027 3185
1028 3498
1029 3750
1030 3939
1031 4056
1032 4095
1033 4056
1034 3939
1035 3750
1036 3495
1037 3185
1038 2831
1039 2447
1040 2047
1041 1647
1042 1263
1043 909
1044 599
1045 344
1046 155
1047 38
1048 0
1049 38
1050 155
1051 344
1052 599
1053 909
1054 1263
1055 1647
1056 2047
1057 2447
1058 2831
1059 3185
1060 3498
1061 3750
1062 3939
1063 4056
1064 4095
1065 4056
1066 3939
1067 3750
1068 3495
1069 3185
1070 2831
1071 2447
1072 2047
1073 1647
1074 1263
1075 909
1076 599
1077 344
1078 155
1079 38
1080 0
1081 38
1082 155
1083 344
1084 599
1085 909
1086 1263
1087 1647
1088 2047
1089 2447
1090 2831
1091 3185
1092 3498
1093 3750
1094 3939
1095 4056
1096 4095
1097 4056
1098 3939
1099 3750
1100 3495
1101 3185
1102 2831
1103 2447
1104 2047
1105 1647
1106 1263
1107 909
1108 599
1109 344
1110 155
1111 38
1112 0
1113 38
1114 155
1115 344
1116 599
1117 909
1118 1263
1119 1647
1120 2047
1121 2447
1122 2831
1123 3185
1124 3498
1125 3750
1126 3939
1127 4056
1128 4095
1129 4056
1130 3939
1131 3750
1132 3495
1133 3185
1134 2831
1135 2447
1136 2047
1137 1647
1138 1263
1139 909
1140 599
1141 344
1142 155
1143 38
1144 0
1145 38
1146 155
1147 344
1148 599
1149 909
1150 1263
1151 1647
1152 2047
1153 2447
1154 2831
1155 3185
1156 3498
1157 3750
1158 3939
1159 4056
1160 4095
1161 4056
1162 3939
1163 3750
1164 3495
1165 3185
1166 2831
1167 2447
1168 2047
1169 1647
1170 1263
1171 909
1172 599
1173 344
1174 155
1175 38
1176 0
1177 38
1178 155
1179 344
1180 599
1181 909
1182 1263
1183 1647
1184 2047
1185 2447
1186 2831
1187 3185
1188 3498
1189 3750
1190 3939
1191 4056
1192 4095
1193 4056
1194 3939
1195 3750
1196 3495
1197 3185
1198 2831
1199 2447
1200 2047
1201 1647
1202 1263
1203 909
1204 599
1205 344
1206 155
1207 38
1208 0
1209 38
1210 155
1211 344
1212 599
1213 909
1214 1263
1215 1647
1216 2047
1217 2447
1218 2831
1219 3185
1220 3498
1221 3750
1222 3939
1223 4056
1224 4095
1225 4056
1226 3939
1227 3750
1228 3495
1229 3185
1230 2831
1231 2447
1232 2047
1233 1647
1234 1263
1235 909
1236 599
1237 344
1238 155
1239 38
1240 0
1241 38
1242 155
1243 344
1244 599
1245 909
1246 1263
1247 1647
1248 2047
1249 2447
1250 2831
1251 3185
1252 3498
1253 3750
1254 3939
1255 4056
1256 4095
1257 4056
1258 3939
1259 3750
1260 3495
1261 3185
1262 2831
1263 2447
1264 2047
1265 1647
1266 1263
1267 909
1268 599
1269 344
1270 155
1271 38
1272 0
1273 38
1274 155
1275 344
1276 599
1277 909
1278 1263
1279 1647
1280 2047
1281 2447
1282 2831
1283 3185
1284 3498
1285 3750
1286 3939
1287 4056
1288 4095
1289 4056
1290 3939
1291 3750
1292 3495
1293 3185
1294 2831
1295 2447
1296 2047
1297 1647
1298 1263
1299 909
1300 599
1301 344
1302 155
1303 38
1304 0
1305 38
1306 155
1307 344
1308 599
1309 909
1310 1263
1311 1647
1312 2047
1313 2447
1314 2831
1315 3185
1316 3498
1317 3750
1318 3939
1319 4056
1320 4095
1321 4056
1322 3939
1323 3750
1324 3495
1325 3185
1326 2831
1327 2447
1328 2047
1329 1647
1330 1263
1331 909
1332 599
1333 344
1334 155
1335 38
1336 0
1337 38
1338 155
1339 344
1340 599
1341 909
1342 1263
1343 1647
1344 2047
1345 2447
1346 2831
1347 3185
1348 3498
1349 3750
1350 3939
1351 4056
1352 4095
1353 4056
1354 3939
1355 3750
1356 3495
1357 3185
1358 2831
1359 2447
1360 2047
1361 1647
1362 1263
1363 909
1364 599
1365 344
1366 155
1367 38
1368 0
1369 38
1370 155
1371 344
1372 599
1373 909
1374 1263
1375 1647
1376 2047
1377 2447
1378 2831
1379 3185
1380 3498
1381 3750
1382 3939
1383 4056
1384 4095
1385 4056
1386 3939
1387 3750
1388 3495
1389 3185
1390 2831
1391 2447
1392 2047
1393 1647
1394 1263
1395 909
1396 599
1397 344
1398 155
1399 38
1400 0
1401 38
1402 155
1403 344
1404 599
1405 909
1406 1263
1407 1647
1408 2047
1409 2447
1410 2831
1411 3185
1412 3498
1413 3750
1414 3939
1415 4056
1416 4095
1417 4056
1418 3939
1419 3750
1420 3495
1421 3185
1422 2831
1423 2447
1424 2047
1425 1647
1426 1263
1427 909
1428 599
1429 344
1430 155
1431 38
1432 0
1433 38
1434 155
1435 344
1436 599
1437 909
1438 1263
1439 1647
1440 2047
1441 2447
1442 2831
1443 3185
1444 3498
1445 3750
1446 3939
1447 4056
1448 4095
1449 4056
1450 3939
1451 3750
1452 3495
1453 3185
1454 2831
1455 2447
1456 2047
1457 1647
1458 1263
1459 909
1460 599
1461 344
1462 155
1463 38
1464 0
1465 38
1466 155
1467 344
1468 599
1469 909
1470 1263
1471 1647
1472 2047
1473 2447
1474 2831
1475 3185
1476 3498
1477 3750
1478 3939
1479 4056
1480 4095
1481 4056
1482 3939
1483 3750
1484 3495
1485 3185
1486 2831
1487 2447
1488 2047
1489 1647
1490 1263
1491 909
1492 599
1493 344
1494 155
1495 38
1496 0
1497 38
1498 155
1499 344
1500 599
1501 909
1502 1263
1503 1647
1504 2047
1505 2447
1506 2831
1507 3185
1508 3498
1509 3750
1510 3939
1511 4056
1512 4095
1513 4056
1514 3939
1515 3750
1516 3495
1517 3185
1518 2831
1519 2447
1520 2047
1521 1647
1522 1263
1523 909
1524 599
1525 344
1526 155
1527 38
1528 0
1529 38
1530 155
1531 344
1532 599
1533 909
1534 1263
1535 1647
1536 2047
1537 2447
1538 2831
1539 3185
1540 3498
1541 3750
1542 3939
1543 4056
1544 4095
1545 4056
1546 3939
1547 3750
1548 3495
1549 3185
1550 2831
1551 2447
1552 2047
1553 1647
1554 1263
1555 909
1556 599
1557 344
1558 155
1559 38
1560 0
1561 38
1562 155
1563 344
1564 599
1565 909
1566 1263
1567 1647
1568 2047
1569 2447
1570 2831
1571 3185
1572 3498
1573 3750
1574 3939
1575 4056
1576 4095
1577 4056
1578 3939
1579 3750
1580 3495
1581 3185
1582 2831
1583 2447
1584 2047
1585 1647
1586 1263
1587 909
1588 599
1589 344
1590 155
1591 38
1592 0
1593 38
1594 155
1595 344
1596 599
1597 909
1598 1263
1599 1647
1600 2047
1601 2447
1602 2831
1603 3185
1604 3498
1605 3750
1606 3939
1607 4056
1608 4095
1609 4056
1610 3939
1611 3750
1612 3495
1613 3185
1614 2831
1615 2447
1616 2047
1617 1647
1618 1263
1619 909
1620 599
1621 344
1622 155
1623 38
1624 0
1625 38
1626 155
1627 344
1628 599
1629 909
1630 1263
1631 1647
1632 2047
1633 2447
1634 2831
1635 3185
1636 3498
1637 3750
1638 3939
1639 4056
1640 4095
1641 4056
1642 3939
1643 3750
1644 3495
1645 3185
1646 2831
1647 2447
1648 2047
1649 1647
1650 1263
1651 909
1652 599
1653 344
1654 155
1655 38
1656 0
1657 38
1658 155
1659 344
1660 599
1661 909
1662 1263
1663 1647
1664 2047
1665 2447
1666 2831
1667 3185
1668 3498
1669 3750
1670 3939
1671 4056
1672 4095
1673 4056
1674 3939
1675 3750
1676 3495
1677 3185
1678 2831
1679 2447
1680 2047
1681 1647
1682 1263
1683 909
1684 599
1685 344
1686 155
1687 38
1688 0
1689 38
1690 155
1691 344
1692 599
1693 909
1694 1263
1695 1647
1696 2047
1697 2447
1698 2831
1699 3185
1700 3498
1701 3750
1702 3939
1703 4056
1704 4095
1705 4056
1706 3939
1707 3750
1708 3495
1709 3185
1710 2831
1711 2447
1712 2047
1713 1647
1714 1263
1715 909
1716 599
1717 344
1718 155
1719 38
1720 0
1721 38
1722 155
1723 344
1724 599
1725 909
1726 1263
1727 1647
1728 2047
1729 2447
1730 2831
1731 3185
1732 3498
1733 3750
1734 3939
1735 4056
1736 4095
1737 4056
1738 3939
1739 3750
1740 3495
1741 3185
1742 2831
1743 2447
1744 2047
1745 1647
1746 1263
1747 909
1748 599
1749 344
1750 155
1751 38
1752 0
1753 38
1754 155
1755 344
1756 599
1757 909
1758 1263
1759 1647
1760 2047
1761 2447
1762 2831
1763 3185
1764 3498
1765 3750
1766 3939
1767 4056
1768 4095
1769 4056
1770 3939
1771 3750
1772 3495
1773 3185
1774 2831
1775 2447
1776 2047
1777 1647
1778 1263
1779 909
1780 599
1781 344
1782 155
1783 38
1784 0
1785 38
1786 155
1787 344
1788 599
1789 909
1790 1263
1791 1647
1792 2047
1793 2447
1794 2831
1795 3185
1796 3498
1797 3750
1798 3939
1799 4056
1800 4095
1801 4056
1802 3939
1803 3750
1804 3495
1805 3185
1806 2831
1807 2447
1808 2047
1809 1647
1810 1263
1811 909
1812 599
1813 344
1814 155
1815 38
1816 0
1817 38
1818 155
1819 344
1820 599
1821 909
1822 1263
1823 1647
1824 2047
1825 2447
1826 2831
1827 3185
1828 3498
1829 3750
1830 3939
1831 4056
1832 4095
1833 4056
1834 3939
1835 3750
1836 3495
1837 3185
1838 2831
1839 2447
1840 2047
1841 1647
1842 1263
1843 909
1844 599
1845 344
1846 155
1847 38
1848 0
1849 38
1850 155
1851 344
1852 599
1853 909
1854 1263
1855 1647
1856 2047
1857 2447
1858 2831
1859 3185
1860 3498
1861 3750
1862 3939
1863 4056
1864 4095
1865 4056
1866 3939
1867 3750
1868 3495
1869 3185
1870 2831
1871 2447
1872 2047
1873 1647
1874 1263
1875 909
1876 599
1877 344
1878 155
1879 38
1880 0
1881 38
1882 155
1883 344
1884 599
1885 909
1886 1263
1887 1647
1888 2047
1889 2447
1890 2831
1891 3185
1892 3498
1893 3750
1894 3939
1895 4056
1896 4095
1897 4056
1898 3939
1899 3750
1900 3495
1901 3185
1902 2831
1903 2447
1904 2047
1905 1647
1906 1263
1907 909
1908 599
1909 344
1910 155
1911 38
1912 0
1913 38
1914 155
1915 344
1916 599
1917 909
1918 1263
1919 1647
1920 2047
1921 2447
1922 2831
1923 3185
1924 3498
1925 3750
1926 3939
1927 4056
1928 4095
1929 4056
1930 3939
1931 3750
1932 3495
1933 3185
1934 2831
1935 2447
1936 2047
1937 1647
1938 1263
1939 909
1940 599
1941 344
1942 155
1943 38
1944 0
1945 38
1946 155
1947 344
1948 599
1949 909
1950 1263
1951 1647
1952 2047
1953 2447
1954 2831
1955 3185
1956 3498
1957 3750
1958 3939
1959 4056
1960 4095
1961 4056
1962 3939
1963 3750
1964 3495
1965 3185
1966 2831
1967 2447
1968 2047
1969 1647
1970 1263
1971 909
1972 599
1973 344
1974 155
1975 38
1976 0
1977 38
1978 155
1979 344
1980 599
1981 909
1982 1263
1983 1647
1984 2047
1985 2447
1986 2831
1987 3185
1988 3498
1989 3750
1990 3939
1991 4056
1992 4095
1993 4056
1994 3939
1995 3750
1996 3495
1997 3185
1998 2831
1999 2447
2000 2047
2001 1647
2002 1263
2003 909
2004 599
2005 344
2006 155
2007 38
2008 0
2009 38
2010 155
2011 344
2012 599
2013 909
2014 1263
2015 1647
2016 2047
2017 2447
2018 2831
2019 3185
2020 3498
2021 3750
2022 3939
2023 4056
2024 4095
2025 4056
2026 3939
2027 3750
2028 3495
2029 3185
2030 2831
2031 2447
2032 2047
2033 1647
2034 1263
2035 909
2036 599
2037 344
2038 155
2039 38
2040 0
2041 38
2042 155
2043 344
2044 599
2045 909
2046 1263
2047 1647
FFT_Output_Q15
0 8187
1 0
2 0
3 0
4 0
5 0
6 0
7 0
8 0
9 0
10 0
11 0
12 0
13 0
14 0
15 0
16 0
17 0
18 0
19 0
20 0
21 0
22 0
23 0
24 0
25 0
26 0
27 0
28 0
29 0
30 0
31 0
32 4095
33 0
34 0
35 0
36 0
37 0
38 0
39 0
40 0
41 0
42 0
43 0
44 0
45 0
46 0
47 0
48 0
49 0
50 0
51 0
52 0
53 0
54 0
55 0
56 0
57 0
58 0
59 0
60 0
61 0
62 0
63 0
64 0
65 0
66 0
67 0
68 0
69 0
70 0
71 0
72 0
73 0
74 0
75 0
76 0
77 0
78 0
79 0
80 0
81 0
82 0
83 0
84 0
85 0
86 0
87 0
88 0
89 0
90 0
91 0
92 0
93 0
94 0
95 0
96 0
97 0
98 0
99 0
100 0
101 0
102 0
103 0
104 0
105 0
106 0
107 0
108 0
109 0
110 0
111 0
112 0
113 0
114 0
115 0
116 0
117 0
118 0
119 0
120 0
121 0
122 0
123 0
124 0
125 0
126 0
127 0
128 0
129 0
130 0
131 0
132 0
133 0
134 0
135 0
136 0
137 0
138 0
139 0
140 0
141 0
142 0
143 0
144 0
145 0
146 0
147 0
148 0
149 0
150 0
151 0
152 0
153 0
154 0
155 0
156 0
157 0
158 0
159 0
160 0
161 0
162 0
163 0
164 0
165 0
166 0
167 0
168 0
169 0
170 0
171 0
172 0
173 0
174 0
175 0
176 0
177 0
178 0
179 0
180 0
181 0
182 0
183 0
184 0
185 0
186 0
187 0
188 0
189 0
190 0
191 0
192 0
193 0
194 0
195 0
196 0
197 0
198 0
199 0
200 0
201 0
202 0
203 0
204 0
205 0
206 0
207 0
208 0
209 0
210 0
211 0
212 0
213 0
214 0
215 0
216 0
217 0
218 0
219 0
220 0
221 0
222 0
223 0
224 0
225 0
226 0
227 0
228 0
229 0
230 0
231 0
232 0
233 0
234 0
235 0
236 0
237 0
238 0
239 0
240 0
241 0
242 0
243 0
244 0
245 0
246 0
247 0
248 0
249 0
250 0
251 0
252 0
253 0
254 0
255 0
256 0
257 0
258 0
259 0
260 0
261 0
262 0
263 0
264 0
265 0
266 0
267 0
268 0
269 0
270 0
271 0
272 0
273 0
274 0
275 0
276 0
277 0
278 0
279 0
280 0
281 0
282 0
283 0
284 0
285 0
286 0
287 0
288 0
289 0
290 0
291 0
292 0
293 0
294 0
295 0
296 0
297 0
298 0
299 0
300 0
301 0
302 0
303 0
304 0
305 0
306 0
307 0
308 0
309 0
310 0
311 0
312 0
313 0
314 0
315 0
316 0
317 0
318 0
319 0
320 0
321 0
322 0
323 0
324 0
325 0
326 0
327 0
328 0
329 0
330 0
331 0
332 0
333 0
334 0
335 0
336 0
337 0
338 0
339 0
340 0
341 0
342 0
343 0
344 0
345 0
346 0
347 0
348 0
349 0
350 0
351 0
352 0
353 0
354 0
355 0
356 0
357 0
358 0
359 0
360 0
361 0
362 0
363 0
364 0
365 0
366 0
367 0
368 0
369 0
370 0
371 0
372 0
373 0
374 0
375 0
376 0
377 0
378 0
379 0
380 0
381 0
382 0
383 0
384 0
385 0
386 0
387 0
388 0
389 0
390 0
391 0
392 0
393 0
394 0
395 0
396 0
397 0
398 0
399 0
400 0
401 0
402 0
403 0
404 0
405 0
406 0
407 0
408 0
409 0
410 0
411 0
412 0
413 0
414 0
415 0
416 0
417 0
418 0
419 0
420 0
421 0
422 0
423 0
424 0
425 0
426 0
427 0
428 0
429 0
430 0
431 0
432 0
433 0
434 0
435 0
436 0
437 0
438 0
439 0
440 0
441 0
442 0
443 0
444 0
445 0
446 0
447 0
448 0
449 0
450 0
451 0
452 0
453 0
454 0
455 0
456 0
457 0
458 0
459 0
460 0
461 0
462 0
463 0
464 0
465 0
466 0
467 0
468 0
469 0
470 0
471 0
472 0
473 0
474 0
475 0
476 0
477 0
478 0
479 0
480 0
481 0
482 0
483 0
484 0
485 0
486 0
487 0
488 0
489 0
490 0
491 0
492 0
493 0
494 0
495 0
496 0
497 0
498 0
499 0
500 0
501 0
502 0
503 0
504 0
505 0
506 0
507 0
508 0
509 0
510 0
511 0
512 0
513 0
514 0
515 0
516 0
517 0
518 0
519 0
520 0
521 0
522 0
523 0
524 0
525 0
526 0
527 0
528 0
529 0
530 0
531 0
532 0
533 0
534 0
535 0
536 0
537 0
538 0
539 0
540 0
541 0
542 0
543 0
544 0
545 0
546 0
547 0
548 0
549 0
550 0
551 0
552 0
553 0
554 0
555 0
556 0
557 0
558 0
559 0
560 0
561 0
562 0
563 0
564 0
565 0
566 0
567 0
568 0
569 0
570 0
571 0
572 0
573 0
574 0
575 0
576 0
577 0
578 0
579 0
580 0
581 0
582 0
583 0
584 0
585 0
586 0
587 0
588 0
589 0
590 0
591 0
592 0
593 0
594 0
595 0
596 0
597 0
598 0
599 0
600 0
601 0
602 0
603 0
604 0
605 0
606 0
607 0
608 0
609 0
610 0
611 0
612 0
613 0
614 0
615 0
616 0
617 0
618 0
619 0
620 0
621 0
622 0
623 0
624 0
625 0
626 0
627 0
628 0
629 0
630 0
631 0
632 0
633 0
634 0
635 0
636 0
637 0
638 0
639 0
640 0
641 0
642 0
643 0
644 0
645 0
646 0
647 0
648 0
649 0
650 0
651 0
652 0
653 0
654 0
655 0
656 0
657 0
658 0
659 0
660 0
661 0
662 0
663 0
664 0
665 0
666 0
667 0
668 0
669 0
670 0
671 0
672 0
673 0
674 0
675 0
676 0
677 0
678 0
679 0
680 0
681 0
682 0
683 0
684 0
685 0
686 0
687 0
688 0
689 0
690 0
691 0
692 0
693 0
694 0
695 0
696 0
697 0
698 0
699 0
700 0
701 0
702 0
703 0
704 0
705 0
706 0
707 0
708 0
709 0
710 0
711 0
712 0
713 0
714 0
715 0
716 0
717 0
718 0
719 0
720 0
721 0
722 0
723 0
724 0
725 0
726 0
727 0
728 0
729 0
730 0
731 0
732 0
733 0
734 0
735 0
736 0
737 0
738 0
739 0
740 0
741 0
742 0
743 0
744 0
745 0
746 0
747 0
748 0
749 0
750 0
751 0
752 0
753 0
754 0
755 0
756 0
757 0
758 0
759 0
760 0
761 0
762 0
763 0
764 0
765 0
766 0
767 0
768 0
769 0
770 0
771 0
772 0
773 0
774 0
775 0
776 0
777 0
778 0
779 0
780 0
781 0
782 0
783 0
784 0
785 0
786 0
787 0
788 0
789 0
790 0
791 0
792 0
793 0
794 0
795 0
796 0
797 0
798 0
799 0
800 0
801 0
802 0
803 0
804 0
805 0
806 0
807 0
808 0
809 0
810 0
811 0
812 0
813 0
814 0
815 0
816 0
817 0
818 0
819 0
820 0
821 0
822 0
823 0
824 0
825 0
826 0
827 0
828 0
829 0
830 0
831 0
832 0
833 0
834 0
835 0
836 0
837 0
838 0
839 0
840 0
841 0
842 0
843 0
844 0
845 0
846 0
847 0
848 0
849 0
850 0
851 0
852 0
853 0
854 0
855 0
856 0
857 0
858 0
859 0
860 0
861 0
862 0
863 0
864 0
865 0
866 0
867 0
868 0
869 0
870 0
871 0
872 0
873 0
874 0
875 0
876 0
877 0
878 0
879 0
880 0
881 0
882 0
883 0
884 0
885 0
886 0
887 0
888 0
889 0
890 0
891 0
892 0
893 0
894 0
895 0
896 0
897 0
898 0
899 0
900 0
901 0
902 0
903 0
904 0
905 0
906 0
907 0
908 0
909 0
910 0
911 0
912 0
913 0
914 0
915 0
916 0
917 0
918 0
919 0
920 0
921 0
922 0
923 0
924 0
925 0
926 0
927 0
928 0
929 0
930 0
931 0
932 0
933 0
934 0
935 0
936 0
937 0
938 0
939 0
940 0
941 0
942 0
943 0
944 0
945 0
946 0
947 0
948 0
949 0
950 0
951 0
952 0
953 0
954 0
955 0
956 0
957 0
958 0
959 0
960 0
961 0
962 0
963 0
964 0
965 0
966 0
967 0
968 0
969 0
970 0
971 0
972 0
973 0
974 0
975 0
976 0
977 0
978 0
979 0
980 0
981 0
982 0
983 0
984 0
985 0
986 0
987 0
988 0
989 0
990 0
991 0
992 4095
993 0
994 0
995 0
996 0
997 0
998 0
999 0
1000 0
1001 0
1002 0
1003 0
1004 0
1005 0
1006 0
1007 0
1008 0
1009 0
1010 0
1011 0
1012 0
1013 0
1014 0
1015 0
1016 0
1017 0
1018 0
1019 0
1020 0
1021 0
1022 0
1023 0
aFFT_Output_f32
0 511.78125000000000000000
1 0.00000000000000000000
2 0.00000000000000000000
3 0.00000000000000000000
4 0.00000000000000000000
5 0.00000000000000000000
6 0.00000000000000000000
7 0.00000000000000000000
8 0.00000000000000000000
9 0.00000000000000000000
10 0.00000000000000000000
11 0.00000000000000000000
12 0.00000000000000000000
13 0.00000000000000000000
14 0.00000000000000000000
15 0.00000000000000000000
16 0.00000000000000000000
17 0.00000000000000000000
18 0.00000000000000000000
19 0.00000000000000000000
20 0.00000000000000000000
21 0.00000000000000000000
22 0.00000000000000000000
23 0.00000000000000000000
24 0.00000000000000000000
25 0.00000000000000000000
26 0.00000000000000000000
27 0.00000000000000000000
28 0.00000000000000000000
29 0.00000000000000000000
30 0.00000000000000000000
31 0.00000000000000000000
32 256.02624511718750000000
33 0.00000000000000000000
34 0.00000000000000000000
35 0.00000000000000000000
36 0.00000000000000000000
37 0.00000000000000000000
38 0.00000000000000000000
39 0.00000000000000000000
40 0.00000000000000000000
41 0.00000000000000000000
42 0.00000000000000000000
43 0.00000000000000000000
44 0.00000000000000000000
45 0.00000000000000000000
46 0.00000000000000000000
47 0.00000000000000000000
48 0.00000000000000000000
49 0.00000000000000000000
50 0.00000000000000000000
51 0.00000000000000000000
52 0.00000000000000000000
53 0.00000000000000000000
54 0.00000000000000000000
55 0.00000000000000000000
56 0.00000000000000000000
57 0.00000000000000000000
58 0.00000000000000000000
59 0.00000000000000000000
60 0.00000000000000000000
61 0.00000000000000000000
62 0.00000000000000000000
63 0.00000000000000000000
64 0.02470529451966285706
65 0.00000000000000000000
66 0.00000000000000000000
67 0.00000000000000000000
68 0.00000000000000000000
69 0.00000000000000000000
70 0.00000000000000000000
71 0.00000000000000000000
72 0.00000000000000000000
73 0.00000000000000000000
74 0.00000000000000000000
75 0.00000000000000000000
76 0.00000000000000000000
77 0.00000000000000000000
78 0.00000000000000000000
79 0.00000000000000000000
80 0.00000000000000000000
81 0.00000000000000000000
82 0.00000000000000000000
83 0.00000000000000000000
84 0.00000000000000000000
85 0.00000000000000000000
86 0.00000000000000000000
87 0.00000000000000000000
88 0.00000000000000000000
89 0.00000000000000000000
90 0.00000000000000000000
91 0.00000000000000000000
92 0.00000000000000000000
93 0.00000000000000000000
94 0.00000000000000000000
95 0.00000000000000000000
96 0.03911164030432701111
97 0.00000000000000000000
98 0.00000000000000000000
99 0.00000000000000000000
100 0.00000000000000000000
101 0.00000000000000000000
102 0.00000000000000000000
103 0.00000000000000000000
104 0.00000000000000000000
105 0.00000000000000000000
106 0.00000000000000000000
107 0.00000000000000000000
108 0.00000000000000000000
109 0.00000000000000000000
110 0.00000000000000000000
111 0.00000000000000000000
112 0.00000000000000000000
113 0.00000000000000000000
114 0.00000000000000000000
115 0.00000000000000000000
116 0.00000000000000000000
117 0.00000000000000000000
118 0.00000000000000000000
119 0.00000000000000000000
120 0.00000000000000000000
121 0.00000000000000000000
122 0.00000000000000000000
123 0.00000000000000000000
124 0.00000000000000000000
125 0.00000000000000000000
126 0.00000000000000000000
127 0.00000000000000000000
128 0.01562500000000000000
129 0.00000000000000000000
130 0.00000000000000000000
131 0.00000000000000000000
132 0.00000000000000000000
133 0.00000000000000000000
134 0.00000000000000000000
135 0.00000000000000000000
136 0.00000000000000000000
137 0.00000000000000000000
138 0.00000000000000000000
139 0.00000000000000000000
140 0.00000000000000000000
141 0.00000000000000000000
142 0.00000000000000000000
143 0.00000000000000000000
144 0.00000000000000000000
145 0.00000000000000000000
146 0.00000000000000000000
147 0.00000000000000000000
148 0.00000000000000000000
149 0.00000000000000000000
150 0.00000000000000000000
151 0.00000000000000000000
152 0.00000000000000000000
153 0.00000000000000000000
154 0.00000000000000000000
155 0.00000000000000000000
156 0.00000000000000000000
157 0.00000000000000000000
158 0.00000000000000000000
159 0.00000000000000000000
160 0.01674817875027656555
161 0.00000000000000000000
162 0.00000000000000000000
163 0.00000000000000000000
164 0.00000000000000000000
165 0.00000000000000000000
166 0.00000000000000000000
167 0.00000000000000000000
168 0.00000000000000000000
169 0.00000000000000000000
170 0.00000000000000000000
171 0.00000000000000000000
172 0.00000000000000000000
173 0.00000000000000000000
174 0.00000000000000000000
175 0.00000000000000000000
176 0.00000000000000000000
177 0.00000000000000000000
178 0.00000000000000000000
179 0.00000000000000000000
180 0.00000000000000000000
181 0.00000000000000000000
182 0.00000000000000000000
183 0.00000000000000000000
184 0.00000000000000000000
185 0.00000000000000000000
186 0.00000000000000000000
187 0.00000000000000000000
188 0.00000000000000000000
189 0.00000000000000000000
190 0.00000000000000000000
191 0.00000000000000000000
192 0.02470529451966285706
193 0.00000000000000000000
194 0.00000000000000000000
195 0.00000000000000000000
196 0.00000000000000000000
197 0.00000000000000000000
198 0.00000000000000000000
199 0.00000000000000000000
200 0.00000000000000000000
201 0.00000000000000000000
202 0.00000000000000000000
203 0.00000000000000000000
204 0.00000000000000000000
205 0.00000000000000000000
206 0.00000000000000000000
207 0.00000000000000000000
208 0.00000000000000000000
209 0.00000000000000000000
210 0.00000000000000000000
211 0.00000000000000000000
212 0.00000000000000000000
213 0.00000000000000000000
214 0.00000000000000000000
215 0.00000000000000000000
216 0.00000000000000000000
217 0.00000000000000000000
218 0.00000000000000000000
219 0.00000000000000000000
220 0.00000000000000000000
221 0.00000000000000000000
222 0.00000000000000000000
223 0.00000000000000000000
224 0.01709498651325702667
225 0.00000000000000000000
226 0.00000000000000000000
227 0.00000000000000000000
228 0.00000000000000000000
229 0.00000000000000000000
230 0.00000000000000000000
231 0.00000000000000000000
232 0.00000000000000000000
233 0.00000000000000000000
234 0.00000000000000000000
235 0.00000000000000000000
236 0.00000000000000000000
237 0.00000000000000000000
238 0.00000000000000000000
239 0.00000000000000000000
240 0.00000000000000000000
241 0.00000000000000000000
242 0.00000000000000000000
243 0.00000000000000000000
244 0.00000000000000000000
245 0.00000000000000000000
246 0.00000000000000000000
247 0.00000000000000000000
248 0.00000000000000000000
249 0.00000000000000000000
250 0.00000000000000000000
251 0.00000000000000000000
252 0.00000000000000000000
253 0.00000000000000000000
254 0.00000000000000000000
255 0.00000000000000000000
256 0.03125000000000000000
257 0.00000000000000000000
258 0.00000000000000000000
259 0.00000000000000000000
260 0.00000000000000000000
261 0.00000000000000000000
262 0.00000000000000000000
263 0.00000000000000000000
264 0.00000000000000000000
265 0.00000000000000000000
266 0.00000000000000000000
267 0.00000000000000000000
268 0.00000000000000000000
269 0.00000000000000000000
270 0.00000000000000000000
271 0.00000000000000000000
272 0.00000000000000000000
273 0.00000000000000000000
274 0.00000000000000000000
275 0.00000000000000000000
276 0.00000000000000000000
277 0.00000000000000000000
278 0.00000000000000000000
279 0.00000000000000000000
280 0.00000000000000000000
281 0.00000000000000000000
282 0.00000000000000000000
283 0.00000000000000000000
284 0.00000000000000000000
285 0.00000000000000000000
286 0.00000000000000000000
287 0.00000000000000000000
288 0.02210991829633712769
289 0.00000000000000000000
290 0.00000000000000000000
291 0.00000000000000000000
292 0.00000000000000000000
293 0.00000000000000000000
294 0.00000000000000000000
295 0.00000000000000000000
296 0.00000000000000000000
297 0.00000000000000000000
298 0.00000000000000000000
299 0.00000000000000000000
300 0.00000000000000000000
301 0.00000000000000000000
302 0.00000000000000000000
303 0.00000000000000000000
304 0.00000000000000000000
305 0.00000000000000000000
306 0.00000000000000000000
307 0.00000000000000000000
308 0.00000000000000000000
309 0.00000000000000000000
310 0.00000000000000000000
311 0.00000000000000000000
312 0.00000000000000000000
313 0.00000000000000000000
314 0.00000000000000000000
315 0.00000000000000000000
316 0.00000000000000000000
317 0.00000000000000000000
318 0.00000000000000000000
319 0.00000000000000000000
320 0.02470529451966285706
321 0.00000000000000000000
322 0.00000000000000000000
323 0.00000000000000000000
324 0.00000000000000000000
325 0.00000000000000000000
326 0.00000000000000000000
327 0.00000000000000000000
328 0.00000000000000000000
329 0.00000000000000000000
330 0.00000000000000000000
331 0.00000000000000000000
332 0.00000000000000000000
333 0.00000000000000000000
334 0.00000000000000000000
335 0.00000000000000000000
336 0.00000000000000000000
337 0.00000000000000000000
338 0.00000000000000000000
339 0.00000000000000000000
340 0.00000000000000000000
341 0.00000000000000000000
342 0.00000000000000000000
343 0.00000000000000000000
344 0.00000000000000000000
345 0.00000000000000000000
346 0.00000000000000000000
347 0.00000000000000000000
348 0.00000000000000000000
349 0.00000000000000000000
350 0.00000000000000000000
351 0.00000000000000000000
352 0.03131580352783203125
353 0.00000000000000000000
354 0.00000000000000000000
355 0.00000000000000000000
356 0.00000000000000000000
357 0.00000000000000000000
358 0.00000000000000000000
359 0.00000000000000000000
360 0.00000000000000000000
361 0.00000000000000000000
362 0.00000000000000000000
363 0.00000000000000000000
364 0.00000000000000000000
365 0.00000000000000000000
366 0.00000000000000000000
367 0.00000000000000000000
368 0.00000000000000000000
369 0.00000000000000000000
370 0.00000000000000000000
371 0.00000000000000000000
372 0.00000000000000000000
373 0.00000000000000000000
374 0.00000000000000000000
375 0.00000000000000000000
376 0.00000000000000000000
377 0.00000000000000000000
378 0.00000000000000000000
379 0.00000000000000000000
380 0.00000000000000000000
381 0.00000000000000000000
382 0.00000000000000000000
383 0.00000000000000000000
384 0.01562500000000000000
385 0.00000000000000000000
386 0.00000000000000000000
387 0.00000000000000000000
388 0.00000000000000000000
389 0.00000000000000000000
390 0.00000000000000000000
391 0.00000000000000000000
392 0.00000000000000000000
393 0.00000000000000000000
394 0.00000000000000000000
395 0.00000000000000000000
396 0.00000000000000000000
397 0.00000000000000000000
398 0.00000000000000000000
399 0.00000000000000000000
400 0.00000000000000000000
401 0.00000000000000000000
402 0.00000000000000000000
403 0.00000000000000000000
404 0.00000000000000000000
405 0.00000000000000000000
406 0.00000000000000000000
407 0.00000000000000000000
408 0.00000000000000000000
409 0.00000000000000000000
410 0.00000000000000000000
411 0.00000000000000000000
412 0.00000000000000000000
413 0.00000000000000000000
414 0.00000000000000000000
415 0.00000000000000000000
416 0.02940269932150840759
417 0.00000000000000000000
418 0.00000000000000000000
419 0.00000000000000000000
420 0.00000000000000000000
421 0.00000000000000000000
422 0.00000000000000000000
423 0.00000000000000000000
424 0.00000000000000000000
425 0.00000000000000000000
426 0.00000000000000000000
427 0.00000000000000000000
428 0.00000000000000000000
429 0.00000000000000000000
430 0.00000000000000000000
431 0.00000000000000000000
432 0.00000000000000000000
433 0.00000000000000000000
434 0.00000000000000000000
435 0.00000000000000000000
436 0.00000000000000000000
437 0.00000000000000000000
438 0.00000000000000000000
439 0.00000000000000000000
440 0.00000000000000000000
441 0.00000000000000000000
442 0.00000000000000000000
443 0.00000000000000000000
444 0.00000000000000000000
445 0.00000000000000000000
446 0.00000000000000000000
447 0.00000000000000000000
448 0.02470529451966285706
449 0.00000000000000000000
450 0.00000000000000000000
451 0.00000000000000000000
452 0.00000000000000000000
453 0.00000000000000000000
454 0.00000000000000000000
455 0.00000000000000000000
456 0.00000000000000000000
457 0.00000000000000000000
458 0.00000000000000000000
459 0.00000000000000000000
460 0.00000000000000000000
461 0.00000000000000000000
462 0.00000000000000000000
463 0.00000000000000000000
464 0.00000000000000000000
465 0.00000000000000000000
466 0.00000000000000000000
467 0.00000000000000000000
468 0.00000000000000000000
469 0.00000000000000000000
470 0.00000000000000000000
471 0.00000000000000000000
472 0.00000000000000000000
473 0.00000000000000000000
474 0.00000000000000000000
475 0.00000000000000000000
476 0.00000000000000000000
477 0.00000000000000000000
478 0.00000000000000000000
479 0.00000000000000000000
480 0.02256900072097778320
481 0.00000000000000000000
482 0.00000000000000000000
483 0.00000000000000000000
484 0.00000000000000000000
485 0.00000000000000000000
486 0.00000000000000000000
487 0.00000000000000000000
488 0.00000000000000000000
489 0.00000000000000000000
490 0.00000000000000000000
491 0.00000000000000000000
492 0.00000000000000000000
493 0.00000000000000000000
494 0.00000000000000000000
495 0.00000000000000000000
496 0.00000000000000000000
497 0.00000000000000000000
498 0.00000000000000000000
499 0.00000000000000000000
500 0.00000000000000000000
501 0.00000000000000000000
502 0.00000000000000000000
503 0.00000000000000000000
504 0.00000000000000000000
505 0.00000000000000000000
506 0.00000000000000000000
507 0.00000000000000000000
508 0.00000000000000000000
509 0.00000000000000000000
510 0.00000000000000000000
511 0.00000000000000000000
512 0.03125000000000000000
513 0.00000000000000000000
514 0.00000000000000000000
515 0.00000000000000000000
516 0.00000000000000000000
517 0.00000000000000000000
518 0.00000000000000000000
519 0.00000000000000000000
520 0.00000000000000000000
521 0.00000000000000000000
522 0.00000000000000000000
523 0.00000000000000000000
524 0.00000000000000000000
525 0.00000000000000000000
526 0.00000000000000000000
527 0.00000000000000000000
528 0.00000000000000000000
529 0.00000000000000000000
530 0.00000000000000000000
531 0.00000000000000000000
532 0.00000000000000000000
533 0.00000000000000000000
534 0.00000000000000000000
535 0.00000000000000000000
536 0.00000000000000000000
537 0.00000000000000000000
538 0.00000000000000000000
539 0.00000000000000000000
540 0.00000000000000000000
541 0.00000000000000000000
542 0.00000000000000000000
543 0.00000000000000000000
544 0.02256900072097778320
545 0.00000000000000000000
546 0.00000000000000000000
547 0.00000000000000000000
548 0.00000000000000000000
549 0.00000000000000000000
550 0.00000000000000000000
551 0.00000000000000000000
552 0.00000000000000000000
553 0.00000000000000000000
554 0.00000000000000000000
555 0.00000000000000000000
556 0.00000000000000000000
557 0.00000000000000000000
558 0.00000000000000000000
559 0.00000000000000000000
560 0.00000000000000000000
561 0.00000000000000000000
562 0.00000000000000000000
563 0.00000000000000000000
564 0.00000000000000000000
565 0.00000000000000000000
566 0.00000000000000000000
567 0.00000000000000000000
568 0.00000000000000000000
569 0.00000000000000000000
570 0.00000000000000000000
571 0.00000000000000000000
572 0.00000000000000000000
573 0.00000000000000000000
574 0.00000000000000000000
575 0.00000000000000000000
576 0.02470529451966285706
577 0.00000000000000000000
578 0.00000000000000000000
579 0.00000000000000000000
580 0.00000000000000000000
581 0.00000000000000000000
582 0.00000000000000000000
583 0.00000000000000000000
584 0.00000000000000000000
585 0.00000000000000000000
586 0.00000000000000000000
587 0.00000000000000000000
588 0.00000000000000000000
589 0.00000000000000000000
590 0.00000000000000000000
591 0.00000000000000000000
592 0.00000000000000000000
593 0.00000000000000000000
594 0.00000000000000000000
595 0.00000000000000000000
596 0.00000000000000000000
597 0.00000000000000000000
598 0.00000000000000000000
599 0.00000000000000000000
600 0.00000000000000000000
601 0.00000000000000000000
602 0.00000000000000000000
603 0.00000000000000000000
604 0.00000000000000000000
605 0.00000000000000000000
606 0.00000000000000000000
607 0.00000000000000000000
608 0.02940604649484157562
609 0.00000000000000000000
610 0.00000000000000000000
611 0.00000000000000000000
612 0.00000000000000000000
613 0.00000000000000000000
614 0.00000000000000000000
615 0.00000000000000000000
616 0.00000000000000000000
617 0.00000000000000000000
618 0.00000000000000000000
619 0.00000000000000000000
620 0.00000000000000000000
621 0.00000000000000000000
622 0.00000000000000000000
623 0.00000000000000000000
624 0.00000000000000000000
625 0.00000000000000000000
626 0.00000000000000000000
627 0.00000000000000000000
628 0.00000000000000000000
629 0.00000000000000000000
630 0.00000000000000000000
631 0.00000000000000000000
632 0.00000000000000000000
633 0.00000000000000000000
634 0.00000000000000000000
635 0.00000000000000000000
636 0.00000000000000000000
637 0.00000000000000000000
638 0.00000000000000000000
639 0.00000000000000000000
640 0.01562500000000000000
641 0.00000000000000000000
642 0.00000000000000000000
643 0.00000000000000000000
644 0.00000000000000000000
645 0.00000000000000000000
646 0.00000000000000000000
647 0.00000000000000000000
648 0.00000000000000000000
649 0.00000000000000000000
650 0.00000000000000000000
651 0.00000000000000000000
652 0.00000000000000000000
653 0.00000000000000000000
654 0.00000000000000000000
655 0.00000000000000000000
656 0.00000000000000000000
657 0.00000000000000000000
658 0.00000000000000000000
659 0.00000000000000000000
660 0.00000000000000000000
661 0.00000000000000000000
662 0.00000000000000000000
663 0.00000000000000000000
664 0.00000000000000000000
665 0.00000000000000000000
666 0.00000000000000000000
667 0.00000000000000000000
668 0.00000000000000000000
669 0.00000000000000000000
670 0.00000000000000000000
671 0.00000000000000000000
672 0.03131259605288505554
673 0.00000000000000000000
674 0.00000000000000000000
675 0.00000000000000000000
676 0.00000000000000000000
677 0.00000000000000000000
678 0.00000000000000000000
679 0.00000000000000000000
680 0.00000000000000000000
681 0.00000000000000000000
682 0.00000000000000000000
683 0.00000000000000000000
684 0.00000000000000000000
685 0.00000000000000000000
686 0.00000000000000000000
687 0.00000000000000000000
688 0.00000000000000000000
689 0.00000000000000000000
690 0.00000000000000000000
691 0.00000000000000000000
692 0.00000000000000000000
693 0.00000000000000000000
694 0.00000000000000000000
695 0.00000000000000000000
696 0.00000000000000000000
697 0.00000000000000000000
698 0.00000000000000000000
699 0.00000000000000000000
700 0.00000000000000000000
701 0.00000000000000000000
702 0.00000000000000000000
703 0.00000000000000000000
704 0.02470529451966285706
705 0.00000000000000000000
706 0.00000000000000000000
707 0.00000000000000000000
708 0.00000000000000000000
709 0.00000000000000000000
710 0.00000000000000000000
711 0.00000000000000000000
712 0.00000000000000000000
713 0.00000000000000000000
714 0.00000000000000000000
715 0.00000000000000000000
716 0.00000000000000000000
717 0.00000000000000000000
718 0.00000000000000000000
719 0.00000000000000000000
720 0.00000000000000000000
721 0.00000000000000000000
722 0.00000000000000000000
723 0.00000000000000000000
724 0.00000000000000000000
725 0.00000000000000000000
726 0.00000000000000000000
727 0.00000000000000000000
728 0.00000000000000000000
729 0.00000000000000000000
730 0.00000000000000000000
731 0.00000000000000000000
732 0.00000000000000000000
733 0.00000000000000000000
734 0.00000000000000000000
735 0.00000000000000000000
736 0.02210613153874874115
737 0.00000000000000000000
738 0.00000000000000000000
739 0.00000000000000000000
740 0.00000000000000000000
741 0.00000000000000000000
742 0.00000000000000000000
743 0.00000000000000000000
744 0.00000000000000000000
745 0.00000000000000000000
746 0.00000000000000000000
747 0.00000000000000000000
748 0.00000000000000000000
749 0.00000000000000000000
750 0.00000000000000000000
751 0.00000000000000000000
752 0.00000000000000000000
753 0.00000000000000000000
754 0.00000000000000000000
755 0.00000000000000000000
756 0.00000000000000000000
757 0.00000000000000000000
758 0.00000000000000000000
759 0.00000000000000000000
760 0.00000000000000000000
761 0.00000000000000000000
762 0.00000000000000000000
763 0.00000000000000000000
764 0.00000000000000000000
765 0.00000000000000000000
766 0.00000000000000000000
767 0.00000000000000000000
768 0.03125000000000000000
769 0.00000000000000000000
770 0.00000000000000000000
771 0.00000000000000000000
772 0.00000000000000000000
773 0.00000000000000000000
774 0.00000000000000000000
775 0.00000000000000000000
776 0.00000000000000000000
777 0.00000000000000000000
778 0.00000000000000000000
779 0.00000000000000000000
780 0.00000000000000000000
781 0.00000000000000000000
782 0.00000000000000000000
783 0.00000000000000000000
784 0.00000000000000000000
785 0.00000000000000000000
786 0.00000000000000000000
787 0.00000000000000000000
788 0.00000000000000000000
789 0.00000000000000000000
790 0.00000000000000000000
791 0.00000000000000000000
792 0.00000000000000000000
793 0.00000000000000000000
794 0.00000000000000000000
795 0.00000000000000000000
796 0.00000000000000000000
797 0.00000000000000000000
798 0.00000000000000000000
799 0.00000000000000000000
800 0.01709639094769954681
801 0.00000000000000000000
802 0.00000000000000000000
803 0.00000000000000000000
804 0.00000000000000000000
805 0.00000000000000000000
806 0.00000000000000000000
807 0.00000000000000000000
808 0.00000000000000000000
809 0.00000000000000000000
810 0.00000000000000000000
811 0.00000000000000000000
812 0.00000000000000000000
813 0.00000000000000000000
814 0.00000000000000000000
815 0.00000000000000000000
816 0.00000000000000000000
817 0.00000000000000000000
818 0.00000000000000000000
819 0.00000000000000000000
820 0.00000000000000000000
821 0.00000000000000000000
822 0.00000000000000000000
823 0.00000000000000000000
824 0.00000000000000000000
825 0.00000000000000000000
826 0.00000000000000000000
827 0.00000000000000000000
828 0.00000000000000000000
829 0.00000000000000000000
830 0.00000000000000000000
831 0.00000000000000000000
832 0.02470529451966285706
833 0.00000000000000000000
834 0.00000000000000000000
835 0.00000000000000000000
836 0.00000000000000000000
837 0.00000000000000000000
838 0.00000000000000000000
839 0.00000000000000000000
840 0.00000000000000000000
841 0.00000000000000000000
842 0.00000000000000000000
843 0.00000000000000000000
844 0.00000000000000000000
845 0.00000000000000000000
846 0.00000000000000000000
847 0.00000000000000000000
848 0.00000000000000000000
849 0.00000000000000000000
850 0.00000000000000000000
851 0.00000000000000000000
852 0.00000000000000000000
853 0.00000000000000000000
854 0.00000000000000000000
855 0.00000000000000000000
856 0.00000000000000000000
857 0.00000000000000000000
858 0.00000000000000000000
859 0.00000000000000000000
860 0.00000000000000000000
861 0.00000000000000000000
862 0.00000000000000000000
863 0.00000000000000000000
864 0.01674964278936386108
865 0.00000000000000000000
866 0.00000000000000000000
867 0.00000000000000000000
868 0.00000000000000000000
869 0.00000000000000000000
870 0.00000000000000000000
871 0.00000000000000000000
872 0.00000000000000000000
873 0.00000000000000000000
874 0.00000000000000000000
875 0.00000000000000000000
876 0.00000000000000000000
877 0.00000000000000000000
878 0.00000000000000000000
879 0.00000000000000000000
880 0.00000000000000000000
881 0.00000000000000000000
882 0.00000000000000000000
883 0.00000000000000000000
884 0.00000000000000000000
885 0.00000000000000000000
886 0.00000000000000000000
887 0.00000000000000000000
888 0.00000000000000000000
889 0.00000000000000000000
890 0.00000000000000000000
891 0.00000000000000000000
892 0.00000000000000000000
893 0.00000000000000000000
894 0.00000000000000000000
895 0.00000000000000000000
896 0.01562500000000000000
897 0.00000000000000000000
898 0.00000000000000000000
899 0.00000000000000000000
900 0.00000000000000000000
901 0.00000000000000000000
902 0.00000000000000000000
903 0.00000000000000000000
904 0.00000000000000000000
905 0.00000000000000000000
906 0.00000000000000000000
907 0.00000000000000000000
908 0.00000000000000000000
909 0.00000000000000000000
910 0.00000000000000000000
911 0.00000000000000000000
912 0.00000000000000000000
913 0.00000000000000000000
914 0.00000000000000000000
915 0.00000000000000000000
916 0.00000000000000000000
917 0.00000000000000000000
918 0.00000000000000000000
919 0.00000000000000000000
920 0.00000000000000000000
921 0.00000000000000000000
922 0.00000000000000000000
923 0.00000000000000000000
924 0.00000000000000000000
925 0.00000000000000000000
926 0.00000000000000000000
927 0.00000000000000000000
928 0.03910957276821136475
929 0.00000000000000000000
930 0.00000000000000000000
931 0.00000000000000000000
932 0.00000000000000000000
933 0.00000000000000000000
934 0.00000000000000000000
935 0.00000000000000000000
936 0.00000000000000000000
937 0.00000000000000000000
938 0.00000000000000000000
939 0.00000000000000000000
940 0.00000000000000000000
941 0.00000000000000000000
942 0.00000000000000000000
943 0.00000000000000000000
944 0.00000000000000000000
945 0.00000000000000000000
946 0.00000000000000000000
947 0.00000000000000000000
948 0.00000000000000000000
949 0.00000000000000000000
950 0.00000000000000000000
951 0.00000000000000000000
952 0.00000000000000000000
953 0.00000000000000000000
954 0.00000000000000000000
955 0.00000000000000000000
956 0.00000000000000000000
957 0.00000000000000000000
958 0.00000000000000000000
959 0.00000000000000000000
960 0.02470529451966285706
961 0.00000000000000000000
962 0.00000000000000000000
963 0.00000000000000000000
964 0.00000000000000000000
965 0.00000000000000000000
966 0.00000000000000000000
967 0.00000000000000000000
968 0.00000000000000000000
969 0.00000000000000000000
970 0.00000000000000000000
971 0.00000000000000000000
972 0.00000000000000000000
973 0.00000000000000000000
974 0.00000000000000000000
975 0.00000000000000000000
976 0.00000000000000000000
977 0.00000000000000000000
978 0.00000000000000000000
979 0.00000000000000000000
980 0.00000000000000000000
981 0.00000000000000000000
982 0.00000000000000000000
983 0.00000000000000000000
984 0.00000000000000000000
985 0.00000000000000000000
986 0.00000000000000000000
987 0.00000000000000000000
988 0.00000000000000000000
989 0.00000000000000000000
990 0.00000000000000000000
991 0.00000000000000000000
992 256.02624511718750000000
993 0.00000000000000000000
994 0.00000000000000000000
995 0.00000000000000000000
996 0.00000000000000000000
997 0.00000000000000000000
998 0.00000000000000000000
999 0.00000000000000000000
1000 0.00000000000000000000
1001 0.00000000000000000000
1002 0.00000000000000000000
1003 0.00000000000000000000
1004 0.00000000000000000000
1005 0.00000000000000000000
1006 0.00000000000000000000
1007 0.00000000000000000000
1008 0.00000000000000000000
1009 0.00000000000000000000
1010 0.00000000000000000000
1011 0.00000000000000000000
1012 0.00000000000000000000
1013 0.00000000000000000000
1014 0.00000000000000000000
1015 0.00000000000000000000
1016 0.00000000000000000000
1017 0.00000000000000000000
1018 0.00000000000000000000
1019 0.00000000000000000000
1020 0.00000000000000000000
1021 0.00000000000000000000
1022 0.00000000000000000000
1023 0.00000000000000000000
1024 0.00000000000000000000
1025 0.00000000000000000000
1026 0.00000000000000000000
1027 0.00000000000000000000
1028 0.00000000000000000000
1029 0.00000000000000000000
1030 0.00000000000000000000
1031 0.00000000000000000000
1032 0.00000000000000000000
1033 0.00000000000000000000
1034 0.00000000000000000000
1035 0.00000000000000000000
1036 0.00000000000000000000
1037 0.00000000000000000000
1038 0.00000000000000000000
1039 0.00000000000000000000
1040 0.00000000000000000000
1041 0.00000000000000000000
1042 0.00000000000000000000
1043 0.00000000000000000000
1044 0.00000000000000000000
1045 0.00000000000000000000
1046 0.00000000000000000000
1047 0.00000000000000000000
1048 0.00000000000000000000
1049 0.00000000000000000000
1050 0.00000000000000000000
1051 0.00000000000000000000
1052 0.00000000000000000000
1053 0.00000000000000000000
1054 0.00000000000000000000
1055 0.00000000000000000000
1056 0.00000000000000000000
1057 0.00000000000000000000
1058 0.00000000000000000000
1059 0.00000000000000000000
1060 0.00000000000000000000
1061 0.00000000000000000000
1062 0.00000000000000000000
1063 0.00000000000000000000
1064 0.00000000000000000000
1065 0.00000000000000000000
1066 0.00000000000000000000
1067 0.00000000000000000000
1068 0.00000000000000000000
1069 0.00000000000000000000
1070 0.00000000000000000000
1071 0.00000000000000000000
1072 0.00000000000000000000
1073 0.00000000000000000000
1074 0.00000000000000000000
1075 0.00000000000000000000
1076 0.00000000000000000000
1077 0.00000000000000000000
1078 0.00000000000000000000
1079 0.00000000000000000000
1080 0.00000000000000000000
1081 0.00000000000000000000
1082 0.00000000000000000000
1083 0.00000000000000000000
1084 0.00000000000000000000
1085 0.00000000000000000000
1086 0.00000000000000000000
1087 0.00000000000000000000
1088 0.00000000000000000000
1089 0.00000000000000000000
1090 0.00000000000000000000
1091 0.00000000000000000000
1092 0.00000000000000000000
1093 0.00000000000000000000
1094 0.00000000000000000000
1095 0.00000000000000000000
1096 0.00000000000000000000
1097 0.00000000000000000000
1098 0.00000000000000000000
1099 0.00000000000000000000
1100 0.00000000000000000000
1101 0.00000000000000000000
1102 0.00000000000000000000
1103 0.00000000000000000000
1104 0.00000000000000000000
1105 0.00000000000000000000
1106 0.00000000000000000000
1107 0.00000000000000000000
1108 0.00000000000000000000
1109 0.00000000000000000000
1110 0.00000000000000000000
1111 0.00000000000000000000
1112 0.00000000000000000000
1113 0.00000000000000000000
1114 0.00000000000000000000
1115 0.00000000000000000000
1116 0.00000000000000000000
1117 0.00000000000000000000
1118 0.00000000000000000000
1119 0.00000000000000000000
1120 0.00000000000000000000
1121 0.00000000000000000000
1122 0.00000000000000000000
1123 0.00000000000000000000
1124 0.00000000000000000000
1125 0.00000000000000000000
1126 0.00000000000000000000
1127 0.00000000000000000000
1128 0.00000000000000000000
1129 0.00000000000000000000
1130 0.00000000000000000000
1131 0.00000000000000000000
1132 0.00000000000000000000
1133 0.00000000000000000000
1134 0.00000000000000000000
1135 0.00000000000000000000
1136 0.00000000000000000000
1137 0.00000000000000000000
1138 0.00000000000000000000
1139 0.00000000000000000000
1140 0.00000000000000000000
1141 0.00000000000000000000
1142 0.00000000000000000000
1143 0.00000000000000000000
1144 0.00000000000000000000
1145 0.00000000000000000000
1146 0.00000000000000000000
1147 0.00000000000000000000
1148 0.00000000000000000000
1149 0.00000000000000000000
1150 0.00000000000000000000
1151 0.00000000000000000000
1152 0.00000000000000000000
1153 0.00000000000000000000
1154 0.00000000000000000000
1155 0.00000000000000000000
1156 0.00000000000000000000
1157 0.00000000000000000000
1158 0.00000000000000000000
1159 0.00000000000000000000
1160 0.00000000000000000000
1161 0.00000000000000000000
1162 0.00000000000000000000
1163 0.00000000000000000000
1164 0.00000000000000000000
1165 0.00000000000000000000
1166 0.00000000000000000000
1167 0.00000000000000000000
1168 0.00000000000000000000
1169 0.00000000000000000000
1170 0.00000000000000000000
1171 0.00000000000000000000
1172 0.00000000000000000000
1173 0.00000000000000000000
1174 0.00000000000000000000
1175 0.00000000000000000000
1176 0.00000000000000000000
1177 0.00000000000000000000
1178 0.00000000000000000000
1179 0.00000000000000000000
1180 0.00000000000000000000
1181 0.00000000000000000000
1182 0.00000000000000000000
1183 0.00000000000000000000
1184 0.00000000000000000000
1185 0.00000000000000000000
1186 0.00000000000000000000
1187 0.00000000000000000000
1188 0.00000000000000000000
1189 0.00000000000000000000
1190 0.00000000000000000000
1191 0.00000000000000000000
1192 0.00000000000000000000
1193 0.00000000000000000000
1194 0.00000000000000000000
1195 0.00000000000000000000
1196 0.00000000000000000000
1197 0.00000000000000000000
1198 0.00000000000000000000
1199 0.00000000000000000000
1200 0.00000000000000000000
1201 0.00000000000000000000
1202 0.00000000000000000000
1203 0.00000000000000000000
1204 0.00000000000000000000
1205 0.00000000000000000000
1206 0.00000000000000000000
1207 0.00000000000000000000
1208 0.00000000000000000000
1209 0.00000000000000000000
1210 0.00000000000000000000
1211 0.00000000000000000000
1212 0.00000000000000000000
1213 0.00000000000000000000
1214 0.00000000000000000000
1215 0.00000000000000000000
1216 0.00000000000000000000
1217 0.00000000000000000000
1218 0.00000000000000000000
1219 0.00000000000000000000
1220 0.00000000000000000000
1221 0.00000000000000000000
1222 0.00000000000000000000
1223 0.00000000000000000000
1224 0.00000000000000000000
1225 0.00000000000000000000
1226 0.00000000000000000000
1227 0.00000000000000000000
1228 0.00000000000000000000
1229 0.00000000000000000000
1230 0.00000000000000000000
1231 0.00000000000000000000
1232 0.00000000000000000000
1233 0.00000000000000000000
1234 0.00000000000000000000
1235 0.00000000000000000000
1236 0.00000000000000000000
1237 0.00000000000000000000
1238 0.00000000000000000000
1239 0.00000000000000000000
1240 0.00000000000000000000
1241 0.00000000000000000000
1242 0.00000000000000000000
1243 0.00000000000000000000
1244 0.00000000000000000000
1245 0.00000000000000000000
1246 0.00000000000000000000
1247 0.00000000000000000000
1248 0.00000000000000000000
1249 0.00000000000000000000
1250 0.00000000000000000000
1251 0.00000000000000000000
1252 0.00000000000000000000
1253 0.00000000000000000000
1254 0.00000000000000000000
1255 0.00000000000000000000
1256 0.00000000000000000000
1257 0.00000000000000000000
1258 0.00000000000000000000
1259 0.00000000000000000000
1260 0.00000000000000000000
1261 0.00000000000000000000
1262 0.00000000000000000000
1263 0.00000000000000000000
1264 0.00000000000000000000
1265 0.00000000000000000000
1266 0.00000000000000000000
1267 0.00000000000000000000
1268 0.00000000000000000000
1269 0.00000000000000000000
1270 0.00000000000000000000
1271 0.00000000000000000000
1272 0.00000000000000000000
1273 0.00000000000000000000
1274 0.00000000000000000000
1275 0.00000000000000000000
1276 0.00000000000000000000
1277 0.00000000000000000000
1278 0.00000000000000000000
1279 0.00000000000000000000
1280 0.00000000000000000000
1281 0.00000000000000000000
1282 0.00000000000000000000
1283 0.00000000000000000000
1284 0.00000000000000000000
1285 0.00000000000000000000
1286 0.00000000000000000000
1287 0.00000000000000000000
1288 0.00000000000000000000
1289 0.00000000000000000000
1290 0.00000000000000000000
1291 0.00000000000000000000
1292 0.00000000000000000000
1293 0.00000000000000000000
1294 0.00000000000000000000
1295 0.00000000000000000000
1296 0.00000000000000000000
1297 0.00000000000000000000
1298 0.00000000000000000000
1299 0.00000000000000000000
1300 0.00000000000000000000
1301 0.00000000000000000000
1302 0.00000000000000000000
1303 0.00000000000000000000
1304 0.00000000000000000000
1305 0.00000000000000000000
1306 0.00000000000000000000
1307 0.00000000000000000000
1308 0.00000000000000000000
1309 0.00000000000000000000
1310 0.00000000000000000000
1311 0.00000000000000000000
1312 0.00000000000000000000
1313 0.00000000000000000000
1314 0.00000000000000000000
1315 0.00000000000000000000
1316 0.00000000000000000000
1317 0.00000000000000000000
1318 0.00000000000000000000
1319 0.00000000000000000000
1320 0.00000000000000000000
1321 0.00000000000000000000
1322 0.00000000000000000000
1323 0.00000000000000000000
1324 0.00000000000000000000
1325 0.00000000000000000000
1326 0.00000000000000000000
1327 0.00000000000000000000
1328 0.00000000000000000000
1329 0.00000000000000000000
1330 0.00000000000000000000
1331 0.00000000000000000000
1332 0.00000000000000000000
1333 0.00000000000000000000
1334 0.00000000000000000000
1335 0.00000000000000000000
1336 0.00000000000000000000
1337 0.00000000000000000000
1338 0.00000000000000000000
1339 0.00000000000000000000
1340 0.00000000000000000000
1341 0.00000000000000000000
1342 0.00000000000000000000
1343 0.00000000000000000000
1344 0.00000000000000000000
1345 0.00000000000000000000
1346 0.00000000000000000000
1347 0.00000000000000000000
1348 0.00000000000000000000
1349 0.00000000000000000000
1350 0.00000000000000000000
1351 0.00000000000000000000
1352 0.00000000000000000000
1353 0.00000000000000000000
1354 0.00000000000000000000
1355 0.00000000000000000000
1356 0.00000000000000000000
1357 0.00000000000000000000
1358 0.00000000000000000000
1359 0.00000000000000000000
1360 0.00000000000000000000
1361 0.00000000000000000000
1362 0.00000000000000000000
1363 0.00000000000000000000
1364 0.00000000000000000000
1365 0.00000000000000000000
1366 0.00000000000000000000
1367 0.00000000000000000000
1368 0.00000000000000000000
1369 0.00000000000000000000
1370 0.00000000000000000000
1371 0.00000000000000000000
1372 0.00000000000000000000
1373 0.00000000000000000000
1374 0.00000000000000000000
1375 0.00000000000000000000
1376 0.00000000000000000000
1377 0.00000000000000000000
1378 0.00000000000000000000
1379 0.00000000000000000000
1380 0.00000000000000000000
1381 0.00000000000000000000
1382 0.00000000000000000000
1383 0.00000000000000000000
1384 0.00000000000000000000
1385 0.00000000000000000000
1386 0.00000000000000000000
1387 0.00000000000000000000
1388 0.00000000000000000000
1389 0.00000000000000000000
1390 0.00000000000000000000
1391 0.00000000000000000000
1392 0.00000000000000000000
1393 0.00000000000000000000
1394 0.00000000000000000000
1395 0.00000000000000000000
1396 0.00000000000000000000
1397 0.00000000000000000000
1398 0.00000000000000000000
1399 0.00000000000000000000
1400 0.00000000000000000000
1401 0.00000000000000000000
1402 0.00000000000000000000
1403 0.00000000000000000000
1404 0.00000000000000000000
1405 0.00000000000000000000
1406 0.00000000000000000000
1407 0.00000000000000000000
1408 0.00000000000000000000
1409 0.00000000000000000000
1410 0.00000000000000000000
1411 0.00000000000000000000
1412 0.00000000000000000000
1413 0.00000000000000000000
1414 0.00000000000000000000
1415 0.00000000000000000000
1416 0.00000000000000000000
1417 0.00000000000000000000
1418 0.00000000000000000000
1419 0.00000000000000000000
1420 0.00000000000000000000
1421 0.00000000000000000000
1422 0.00000000000000000000
1423 0.00000000000000000000
1424 0.00000000000000000000
1425 0.00000000000000000000
1426 0.00000000000000000000
1427 0.00000000000000000000
1428 0.00000000000000000000
1429 0.00000000000000000000
1430 0.00000000000000000000
1431 0.00000000000000000000
1432 0.00000000000000000000
1433 0.00000000000000000000
1434 0.00000000000000000000
1435 0.00000000000000000000
1436 0.00000000000000000000
1437 0.00000000000000000000
1438 0.00000000000000000000
1439 0.00000000000000000000
1440 0.00000000000000000000
1441 0.00000000000000000000
1442 0.00000000000000000000
1443 0.00000000000000000000
1444 0.00000000000000000000
1445 0.00000000000000000000
1446 0.00000000000000000000
1447 0.00000000000000000000
1448 0.00000000000000000000
1449 0.00000000000000000000
1450 0.00000000000000000000
1451 0.00000000000000000000
1452 0.00000000000000000000
1453 0.00000000000000000000
1454 0.00000000000000000000
1455 0.00000000000000000000
1456 0.00000000000000000000
1457 0.00000000000000000000
1458 0.00000000000000000000
1459 0.00000000000000000000
1460 0.00000000000000000000
1461 0.00000000000000000000
1462 0.00000000000000000000
1463 0.00000000000000000000
1464 0.00000000000000000000
1465 0.00000000000000000000
1466 0.00000000000000000000
1467 0.00000000000000000000
1468 0.00000000000000000000
1469 0.00000000000000000000
1470 0.00000000000000000000
1471 0.00000000000000000000
1472 0.00000000000000000000
1473 0.00000000000000000000
1474 0.00000000000000000000
1475 0.00000000000000000000
1476 0.00000000000000000000
1477 0.00000000000000000000
1478 0.00000000000000000000
1479 0.00000000000000000000
1480 0.00000000000000000000
1481 0.00000000000000000000
1482 0.00000000000000000000
1483 0.00000000000000000000
1484 0.00000000000000000000
1485 0.00000000000000000000
1486 0.00000000000000000000
1487 0.00000000000000000000
1488 0.00000000000000000000
1489 0.00000000000000000000
1490 0.00000000000000000000
1491 0.00000000000000000000
1492 0.00000000000000000000
1493 0.00000000000000000000
1494 0.00000000000000000000
1495 0.00000000000000000000
1496 0.00000000000000000000
1497 0.00000000000000000000
1498 0.00000000000000000000
1499 0.00000000000000000000
1500 0.00000000000000000000
1501 0.00000000000000000000
1502 0.00000000000000000000
1503 0.00000000000000000000
1504 0.00000000000000000000
1505 0.00000000000000000000
1506 0.00000000000000000000
1507 0.00000000000000000000
1508 0.00000000000000000000
1509 0.00000000000000000000
1510 0.00000000000000000000
1511 0.00000000000000000000
1512 0.00000000000000000000
1513 0.00000000000000000000
1514 0.00000000000000000000
1515 0.00000000000000000000
1516 0.00000000000000000000
1517 0.00000000000000000000
1518 0.00000000000000000000
1519 0.00000000000000000000
1520 0.00000000000000000000
1521 0.00000000000000000000
1522 0.00000000000000000000
1523 0.00000000000000000000
1524 0.00000000000000000000
1525 0.00000000000000000000
1526 0.00000000000000000000
1527 0.00000000000000000000
1528 0.00000000000000000000
1529 0.00000000000000000000
1530 0.00000000000000000000
1531 0.00000000000000000000
1532 0.00000000000000000000
1533 0.00000000000000000000
1534 0.00000000000000000000
1535 0.00000000000000000000
1536 0.00000000000000000000
1537 0.00000000000000000000
1538 0.00000000000000000000
1539 0.00000000000000000000
1540 0.00000000000000000000
1541 0.00000000000000000000
1542 0.00000000000000000000
1543 0.00000000000000000000
1544 0.00000000000000000000
1545 0.00000000000000000000
1546 0.00000000000000000000
1547 0.00000000000000000000
1548 0.00000000000000000000
1549 0.00000000000000000000
1550 0.00000000000000000000
1551 0.00000000000000000000
1552 0.00000000000000000000
1553 0.00000000000000000000
1554 0.00000000000000000000
1555 0.00000000000000000000
1556 0.00000000000000000000
1557 0.00000000000000000000
1558 0.00000000000000000000
1559 0.00000000000000000000
1560 0.00000000000000000000
1561 0.00000000000000000000
1562 0.00000000000000000000
1563 0.00000000000000000000
1564 0.00000000000000000000
1565 0.00000000000000000000
1566 0.00000000000000000000
1567 0.00000000000000000000
1568 0.00000000000000000000
1569 0.00000000000000000000
1570 0.00000000000000000000
1571 0.00000000000000000000
1572 0.00000000000000000000
1573 0.00000000000000000000
1574 0.00000000000000000000
1575 0.00000000000000000000
1576 0.00000000000000000000
1577 0.00000000000000000000
1578 0.00000000000000000000
1579 0.00000000000000000000
1580 0.00000000000000000000
1581 0.00000000000000000000
1582 0.00000000000000000000
1583 0.00000000000000000000
1584 0.00000000000000000000
1585 0.00000000000000000000
1586 0.00000000000000000000
1587 0.00000000000000000000
1588 0.00000000000000000000
1589 0.00000000000000000000
1590 0.00000000000000000000
1591 0.00000000000000000000
1592 0.00000000000000000000
1593 0.00000000000000000000
1594 0.00000000000000000000
1595 0.00000000000000000000
1596 0.00000000000000000000
1597 0.00000000000000000000
1598 0.00000000000000000000
1599 0.00000000000000000000
1600 0.00000000000000000000
1601 0.00000000000000000000
1602 0.00000000000000000000
1603 0.00000000000000000000
1604 0.00000000000000000000
1605 0.00000000000000000000
1606 0.00000000000000000000
1607 0.00000000000000000000
1608 0.00000000000000000000
1609 0.00000000000000000000
1610 0.00000000000000000000
1611 0.00000000000000000000
1612 0.00000000000000000000
1613 0.00000000000000000000
1614 0.00000000000000000000
1615 0.00000000000000000000
1616 0.00000000000000000000
1617 0.00000000000000000000
1618 0.00000000000000000000
1619 0.00000000000000000000
1620 0.00000000000000000000
1621 0.00000000000000000000
1622 0.00000000000000000000
1623 0.00000000000000000000
1624 0.00000000000000000000
1625 0.00000000000000000000
1626 0.00000000000000000000
1627 0.00000000000000000000
1628 0.00000000000000000000
1629 0.00000000000000000000
1630 0.00000000000000000000
1631 0.00000000000000000000
1632 0.00000000000000000000
1633 0.00000000000000000000
1634 0.00000000000000000000
1635 0.00000000000000000000
1636 0.00000000000000000000
1637 0.00000000000000000000
1638 0.00000000000000000000
1639 0.00000000000000000000
1640 0.00000000000000000000
1641 0.00000000000000000000
1642 0.00000000000000000000
1643 0.00000000000000000000
1644 0.00000000000000000000
1645 0.00000000000000000000
1646 0.00000000000000000000
1647 0.00000000000000000000
1648 0.00000000000000000000
1649 0.00000000000000000000
1650 0.00000000000000000000
1651 0.00000000000000000000
1652 0.00000000000000000000
1653 0.00000000000000000000
1654 0.00000000000000000000
1655 0.00000000000000000000
1656 0.00000000000000000000
1657 0.00000000000000000000
1658 0.00000000000000000000
1659 0.00000000000000000000
1660 0.00000000000000000000
1661 0.00000000000000000000
1662 0.00000000000000000000
1663 0.00000000000000000000
1664 0.00000000000000000000
1665 0.00000000000000000000
1666 0.00000000000000000000
1667 0.00000000000000000000
1668 0.00000000000000000000
1669 0.00000000000000000000
1670 0.00000000000000000000
1671 0.00000000000000000000
1672 0.00000000000000000000
1673 0.00000000000000000000
1674 0.00000000000000000000
1675 0.00000000000000000000
1676 0.00000000000000000000
1677 0.00000000000000000000
1678 0.00000000000000000000
1679 0.00000000000000000000
1680 0.00000000000000000000
1681 0.00000000000000000000
1682 0.00000000000000000000
1683 0.00000000000000000000
1684 0.00000000000000000000
1685 0.00000000000000000000
1686 0.00000000000000000000
1687 0.00000000000000000000
1688 0.00000000000000000000
1689 0.00000000000000000000
1690 0.00000000000000000000
1691 0.00000000000000000000
1692 0.00000000000000000000
1693 0.00000000000000000000
1694 0.00000000000000000000
1695 0.00000000000000000000
1696 0.00000000000000000000
1697 0.00000000000000000000
1698 0.00000000000000000000
1699 0.00000000000000000000
1700 0.00000000000000000000
1701 0.00000000000000000000
1702 0.00000000000000000000
1703 0.00000000000000000000
1704 0.00000000000000000000
1705 0.00000000000000000000
1706 0.00000000000000000000
1707 0.00000000000000000000
1708 0.00000000000000000000
1709 0.00000000000000000000
1710 0.00000000000000000000
1711 0.00000000000000000000
1712 0.00000000000000000000
1713 0.00000000000000000000
1714 0.00000000000000000000
1715 0.00000000000000000000
1716 0.00000000000000000000
1717 0.00000000000000000000
1718 0.00000000000000000000
1719 0.00000000000000000000
1720 0.00000000000000000000
1721 0.00000000000000000000
1722 0.00000000000000000000
1723 0.00000000000000000000
1724 0.00000000000000000000
1725 0.00000000000000000000
1726 0.00000000000000000000
1727 0.00000000000000000000
1728 0.00000000000000000000
1729 0.00000000000000000000
1730 0.00000000000000000000
1731 0.00000000000000000000
1732 0.00000000000000000000
1733 0.00000000000000000000
1734 0.00000000000000000000
1735 0.00000000000000000000
1736 0.00000000000000000000
1737 0.00000000000000000000
1738 0.00000000000000000000
1739 0.00000000000000000000
1740 0.00000000000000000000
1741 0.00000000000000000000
1742 0.00000000000000000000
1743 0.00000000000000000000
1744 0.00000000000000000000
1745 0.00000000000000000000
1746 0.00000000000000000000
1747 0.00000000000000000000
1748 0.00000000000000000000
1749 0.00000000000000000000
1750 0.00000000000000000000
1751 0.00000000000000000000
1752 0.00000000000000000000
1753 0.00000000000000000000
1754 0.00000000000000000000
1755 0.00000000000000000000
1756 0.00000000000000000000
1757 0.00000000000000000000
1758 0.00000000000000000000
1759 0.00000000000000000000
1760 0.00000000000000000000
1761 0.00000000000000000000
1762 0.00000000000000000000
1763 0.00000000000000000000
1764 0.00000000000000000000
1765 0.00000000000000000000
1766 0.00000000000000000000
1767 0.00000000000000000000
1768 0.00000000000000000000
1769 0.00000000000000000000
1770 0.00000000000000000000
1771 0.00000000000000000000
1772 0.00000000000000000000
1773 0.00000000000000000000
1774 0.00000000000000000000
1775 0.00000000000000000000
1776 0.00000000000000000000
1777 0.00000000000000000000
1778 0.00000000000000000000
1779 0.00000000000000000000
1780 0.00000000000000000000
1781 0.00000000000000000000
1782 0.00000000000000000000
1783 0.00000000000000000000
1784 0.00000000000000000000
1785 0.00000000000000000000
1786 0.00000000000000000000
1787 0.00000000000000000000
1788 0.00000000000000000000
1789 0.00000000000000000000
1790 0.00000000000000000000
1791 0.00000000000000000000
1792 0.00000000000000000000
1793 0.00000000000000000000
1794 0.00000000000000000000
1795 0.00000000000000000000
1796 0.00000000000000000000
1797 0.00000000000000000000
1798 0.00000000000000000000
1799 0.00000000000000000000
1800 0.00000000000000000000
1801 0.00000000000000000000
1802 0.00000000000000000000
1803 0.00000000000000000000
1804 0.00000000000000000000
1805 0.00000000000000000000
1806 0.00000000000000000000
1807 0.00000000000000000000
1808 0.00000000000000000000
1809 0.00000000000000000000
1810 0.00000000000000000000
1811 0.00000000000000000000
1812 0.00000000000000000000
1813 0.00000000000000000000
1814 0.00000000000000000000
1815 0.00000000000000000000
1816 0.00000000000000000000
1817 0.00000000000000000000
1818 0.00000000000000000000
1819 0.00000000000000000000
1820 0.00000000000000000000
1821 0.00000000000000000000
1822 0.00000000000000000000
1823 0.00000000000000000000
1824 0.00000000000000000000
1825 0.00000000000000000000
1826 0.00000000000000000000
1827 0.00000000000000000000
1828 0.00000000000000000000
1829 0.00000000000000000000
1830 0.00000000000000000000
1831 0.00000000000000000000
1832 0.00000000000000000000
1833 0.00000000000000000000
1834 0.00000000000000000000
1835 0.00000000000000000000
1836 0.00000000000000000000
1837 0.00000000000000000000
1838 0.00000000000000000000
1839 0.00000000000000000000
1840 0.00000000000000000000
1841 0.00000000000000000000
1842 0.00000000000000000000
1843 0.00000000000000000000
1844 0.00000000000000000000
1845 0.00000000000000000000
1846 0.00000000000000000000
1847 0.00000000000000000000
1848 0.00000000000000000000
1849 0.00000000000000000000
1850 0.00000000000000000000
1851 0.00000000000000000000
1852 0.00000000000000000000
1853 0.00000000000000000000
1854 0.00000000000000000000
1855 0.00000000000000000000
1856 0.00000000000000000000
1857 0.00000000000000000000
1858 0.00000000000000000000
1859 0.00000000000000000000
1860 0.00000000000000000000
1861 0.00000000000000000000
1862 0.00000000000000000000
1863 0.00000000000000000000
1864 0.00000000000000000000
1865 0.00000000000000000000
1866 0.00000000000000000000
1867 0.00000000000000000000
1868 0.00000000000000000000
1869 0.00000000000000000000
1870 0.00000000000000000000
1871 0.00000000000000000000
1872 0.00000000000000000000
1873 0.00000000000000000000
1874 0.00000000000000000000
1875 0.00000000000000000000
1876 0.00000000000000000000
1877 0.00000000000000000000
1878 0.00000000000000000000
1879 0.00000000000000000000
1880 0.00000000000000000000
1881 0.00000000000000000000
1882 0.00000000000000000000
1883 0.00000000000000000000
1884 0.00000000000000000000
1885 0.00000000000000000000
1886 0.00000000000000000000
1887 0.00000000000000000000
1888 0.00000000000000000000
1889 0.00000000000000000000
1890 0.00000000000000000000
1891 0.00000000000000000000
1892 0.00000000000000000000
1893 0.00000000000000000000
1894 0.00000000000000000000
1895 0.00000000000000000000
1896 0.00000000000000000000
1897 0.00000000000000000000
1898 0.00000000000000000000
1899 0.00000000000000000000
1900 0.00000000000000000000
1901 0.00000000000000000000
1902 0.00000000000000000000
1903 0.00000000000000000000
1904 0.00000000000000000000
1905 0.00000000000000000000
1906 0.00000000000000000000
1907 0.00000000000000000000
1908 0.00000000000000000000
1909 0.00000000000000000000
1910 0.00000000000000000000
1911 0.00000000000000000000
1912 0.00000000000000000000
1913 0.00000000000000000000
1914 0.00000000000000000000
1915 0.00000000000000000000
1916 0.00000000000000000000
1917 0.00000000000000000000
1918 0.00000000000000000000
1919 0.00000000000000000000
1920 0.00000000000000000000
1921 0.00000000000000000000
1922 0.00000000000000000000
1923 0.00000000000000000000
1924 0.00000000000000000000
1925 0.00000000000000000000
1926 0.00000000000000000000
1927 0.00000000000000000000
1928 0.00000000000000000000
1929 0.00000000000000000000
1930 0.00000000000000000000
1931 0.00000000000000000000
1932 0.00000000000000000000
1933 0.00000000000000000000
1934 0.00000000000000000000
1935 0.00000000000000000000
1936 0.00000000000000000000
1937 0.00000000000000000000
1938 0.00000000000000000000
1939 0.00000000000000000000
1940 0.00000000000000000000
1941 0.00000000000000000000
1942 0.00000000000000000000
1943 0.00000000000000000000
1944 0.00000000000000000000
1945 0.00000000000000000000
1946 0.00000000000000000000
1947 0.00000000000000000000
1948 0.00000000000000000000
1949 0.00000000000000000000
1950 0.00000000000000000000
1951 0.00000000000000000000
1952 0.00000000000000000000
1953 0.00000000000000000000
1954 0.00000000000000000000
1955 0.00000000000000000000
1956 0.00000000000000000000
1957 0.00000000000000000000
1958 0.00000000000000000000
1959 0.00000000000000000000
1960 0.00000000000000000000
1961 0.00000000000000000000
1962 0.00000000000000000000
1963 0.00000000000000000000
1964 0.00000000000000000000
1965 0.00000000000000000000
1966 0.00000000000000000000
1967 0.00000000000000000000
1968 0.00000000000000000000
1969 0.00000000000000000000
1970 0.00000000000000000000
1971 0.00000000000000000000
1972 0.00000000000000000000
1973 0.00000000000000000000
1974 0.00000000000000000000
1975 0.00000000000000000000
1976 0.00000000000000000000
1977 0.00000000000000000000
1978 0.00000000000000000000
1979 0.00000000000000000000
1980 0.00000000000000000000
1981 0.00000000000000000000
1982 0.00000000000000000000
1983 0.00000000000000000000
1984 0.00000000000000000000
1985 0.00000000000000000000
1986 0.00000000000000000000
1987 0.00000000000000000000
1988 0.00000000000000000000
1989 0.00000000000000000000
1990 0.00000000000000000000
1991 0.00000000000000000000
1992 0.00000000000000000000
1993 0.00000000000000000000
1994 0.00000000000000000000
1995 0.00000000000000000000
1996 0.00000000000000000000
1997 0.00000000000000000000
1998 0.00000000000000000000
1999 0.00000000000000000000
2000 0.00000000000000000000
2001 0.00000000000000000000
2002 0.00000000000000000000
2003 0.00000000000000000000
2004 0.00000000000000000000
2005 0.00000000000000000000
2006 0.00000000000000000000
2007 0.00000000000000000000
2008 0.00000000000000000000
2009 0.00000000000000000000
2010 0.00000000000000000000
2011 0.00000000000000000000
2012 0.00000000000000000000
2013 0.00000000000000000000
2014 0.00000000000000000000
2015 0.00000000000000000000
2016 0.00000000000000000000
2017 0.00000000000000000000
2018 0.00000000000000000000
2019 0.00000000000000000000
2020 0.00000000000000000000
2021 0.00000000000000000000
2022 0.00000000000000000000
2023 0.00000000000000000000
2024 0.00000000000000000000
2025 0.00000000000000000000
2026 0.00000000000000000000
2027 0.00000000000000000000
2028 0.00000000000000000000
2029 0.00000000000000000000
2030 0.00000000000000000000
2031 0.00000000000000000000
2032 0.00000000000000000000
2033 0.00000000000000000000
2034 0.00000000000000000000
2035 0.00000000000000000000
2036 0.00000000000000000000
2037 0.00000000000000000000
2038 0.00000000000000000000
2039 0.00000000000000000000
2040 0.00000000000000000000
2041 0.00000000000000000000
2042 0.00000000000000000000
2043 0.00000000000000000000
2044 0.00000000000000000000
2045 0.00000000000000000000
2046 0.00000000000000000000
2047 0.00000000000000000000
FFT_Output_Q31
0 536641533
1 0
2 0
3 0
4 0
5 0
6 0
7 0
8 0
9 0
10 0
11 0
12 0
13 0
14 0
15 0
16 0
17 0
18 0
19 0
20 0
21 0
22 0
23 0
24 0
25 0
26 0
27 0
28 0
29 0
30 0
31 0
32 268462986
33 0
34 0
35 0
36 0
37 0
38 0
39 0
40 0
41 0
42 0
43 0
44 0
45 0
46 0
47 0
48 0
49 0
50 0
51 0
52 0
53 0
54 0
55 0
56 0
57 0
58 0
59 0
60 0
61 0
62 0
63 0
64 0
65 0
66 0
67 0
68 0
69 0
70 0
71 0
72 0
73 0
74 0
75 0
76 0
77 0
78 0
79 0
80 0
81 0
82 0
83 0
84 0
85 0
86 0
87 0
88 0
89 0
90 0
91 0
92 0
93 0
94 0
95 0
96 0
97 0
98 0
99 0
100 0
101 0
102 0
103 0
104 0
105 0
106 0
107 0
108 0
109 0
110 0
111 0
112 0
113 0
114 0
115 0
116 0
117 0
118 0
119 0
120 0
121 0
122 0
123 0
124 0
125 0
126 0
127 0
128 0
129 0
130 0
131 0
132 0
133 0
134 0
135 0
136 0
137 0
138 0
139 0
140 0
141 0
142 0
143 0
144 0
145 0
146 0
147 0
148 0
149 0
150 0
151 0
152 0
153 0
154 0
155 0
156 0
157 0
158 0
159 0
160 0
161 0
162 0
163 0
164 0
165 0
166 0
167 0
168 0
169 0
170 0
171 0
172 0
173 0
174 0
175 0
176 0
177 0
178 0
179 0
180 0
181 0
182 0
183 0
184 0
185 0
186 0
187 0
188 0
189 0
190 0
191 0
192 0
193 0
194 0
195 0
196 0
197 0
198 0
199 0
200 0
201 0
202 0
203 0
204 0
205 0
206 0
207 0
208 0
209 0
210 0
211 0
212 0
213 0
214 0
215 0
216 0
217 0
218 0
219 0
220 0
221 0
222 0
223 0
224 0
225 0
226 0
227 0
228 0
229 0
230 0
231 0
232 0
233 0
234 0
235 0
236 0
237 0
238 0
239 0
240 0
241 0
242 0
243 0
244 0
245 0
246 0
247 0
248 0
249 0
250 0
251 0
252 0
253 0
254 0
255 0
256 0
257 0
258 0
259 0
260 0
261 0
262 0
263 0
264 0
265 0
266 0
267 0
268 0
269 0
270 0
271 0
272 0
273 0
274 0
275 0
276 0
277 0
278 0
279 0
280 0
281 0
282 0
283 0
284 0
285 0
286 0
287 0
288 0
289 0
290 0
291 0
292 0
293 0
294 0
295 0
296 0
297 0
298 0
299 0
300 0
301 0
302 0
303 0
304 0
305 0
306 0
307 0
308 0
309 0
310 0
311 0
312 0
313 0
314 0
315 0
316 0
317 0
318 0
319 0
320 0
321 0
322 0
323 0
324 0
325 0
326 0
327 0
328 0
329 0
330 0
331 0
332 0
333 0
334 0
335 0
336 0
337 0
338 0
339 0
340 0
341 0
342 0
343 0
344 0
345 0
346 0
347 0
348 0
349 0
350 0
351 0
352 0
353 0
354 0
355 0
356 0
357 0
358 0
359 0
360 0
361 0
362 0
363 0
364 0
365 0
366 0
367 0
368 0
369 0
370 0
371 0
372 0
373 0
374 0
375 0
376 0
377 0
378 0
379 0
380 0
381 0
382 0
383 0
384 0
385 0
386 0
387 0
388 0
389 0
390 0
391 0
392 0
393 0
394 0
395 0
396 0
397 0
398 0
399 0
400 0
401 0
402 0
403 0
404 0
405 0
406 0
407 0
408 0
409 0
410 0
411 0
412 0
413 0
414 0
415 0
416 0
417 0
418 0
419 0
420 0
421 0
422 0
423 0
424 0
425 0
426 0
427 0
428 0
429 0
430 0
431 0
432 0
433 0
434 0
435 0
436 0
437 0
438 0
439 0
440 0
441 0
442 0
443 0
444 0
445 0
446 0
447 0
448 0
449 0
450 0
451 0
452 0
453 0
454 0
455 0
456 0
457 0
458 0
459 0
460 0
461 0
462 0
463 0
464 0
465 0
466 0
467 0
468 0
469 0
470 0
471 0
472 0
473 0
474 0
475 0
476 0
477 0
478 0
479 0
480 0
481 0
482 0
483 0
484 0
485 0
486 0
487 0
488 0
489 0
490 0
491 0
492 0
493 0
494 0
495 0
496 0
497 0
498 0
499 0
500 0
501 0
502 0
503 0
504 0
505 0
506 0
507 0
508 0
509 0
510 0
511 0
512 0
513 0
514 0
515 0
516 0
517 0
518 0
519 0
520 0
521 0
522 0
523 0
524 0
525 0
526 0
527 0
528 0
529 0
530 0
531 0
532 0
533 0
534 0
535 0
536 0
537 0
538 0
539 0
540 0
541 0
542 0
543 0
544 0
545 0
546 0
547 0
548 0
549 0
550 0
551 0
552 0
553 0
554 0
555 0
556 0
557 0
558 0
559 0
560 0
561 0
562 0
563 0
564 0
565 0
566 0
567 0
568 0
569 0
570 0
571 0
572 0
573 0
574 0
575 0
576 0
577 0
578 0
579 0
580 0
581 0
582 0
583 0
584 0
585 0
586 0
587 0
588 0
589 0
590 0
591 0
592 0
593 0
594 0
595 0
596 0
597 0
598 0
599 0
600 0
601 0
602 0
603 0
604 0
605 0
606 0
607 0
608 0
609 0
610 0
611 0
612 0
613 0
614 0
615 0
616 0
617 0
618 0
619 0
620 0
621 0
622 0
623 0
624 0
625 0
626 0
627 0
628 0
629 0
630 0
631 0
632 0
633 0
634 0
635 0
636 0
637 0
638 0
639 0
640 0
641 0
642 0
643 0
644 0
645 0
646 0
647 0
648 0
649 0
650 0
651 0
652 0
653 0
654 0
655 0
656 0
657 0
658 0
659 0
660 0
661 0
662 0
663 0
664 0
665 0
666 0
667 0
668 0
669 0
670 0
671 0
672 0
673 0
674 0
675 0
676 0
677 0
678 0
679 0
680 0
681 0
682 0
683 0
684 0
685 0
686 0
687 0
688 0
689 0
690 0
691 0
692 0
693 0
694 0
695 0
696 0
697 0
698 0
699 0
700 0
701 0
702 0
703 0
704 0
705 0
706 0
707 0
708 0
709 0
710 0
711 0
712 0
713 0
714 0
715 0
716 0
717 0
718 0
719 0
720 0
721 0
722 0
723 0
724 0
725 0
726 0
727 0
728 0
729 0
730 0
731 0
732 0
733 0
734 0
735 0
736 0
737 0
738 0
739 0
740 0
741 0
742 0
743 0
744 0
745 0
746 0
747 0
748 0
749 0
750 0
751 0
752 0
753 0
754 0
755 0
756 0
757 0
758 0
759 0
760 0
761 0
762 0
763 0
764 0
765 0
766 0
767 0
768 0
769 0
770 0
771 0
772 0
773 0
774 0
775 0
776 0
777 0
778 0
779 0
780 0
781 0
782 0
783 0
784 0
785 0
786 0
787 0
788 0
789 0
790 0
791 0
792 0
793 0
794 0
795 0
796 0
797 0
798 0
799 0
800 0
801 0
802 0
803 0
804 0
805 0
806 0
807 0
808 0
809 0
810 0
811 0
812 0
813 0
814 0
815 0
816 0
817 0
818 0
819 0
820 0
821 0
822 0
823 0
824 0
825 0
826 0
827 0
828 0
829 0
830 0
831 0
832 0
833 0
834 0
835 0
836 0
837 0
838 0
839 0
840 0
841 0
842 0
843 0
844 0
845 0
846 0
847 0
848 0
849 0
850 0
851 0
852 0
853 0
854 0
855 0
856 0
857 0
858 0
859 0
860 0
861 0
862 0
863 0
864 0
865 0
866 0
867 0
868 0
869 0
870 0
871 0
872 0
873 0
874 0
875 0
876 0
877 0
878 0
879 0
880 0
881 0
882 0
883 0
884 0
885 0
886 0
887 0
888 0
889 0
890 0
891 0
892 0
893 0
894 0
895 0
896 0
897 0
898 0
899 0
900 0
901 0
902 0
903 0
904 0
905 0
906 0
907 0
908 0
909 0
910 0
911 0
912 0
913 0
914 0
915 0
916 0
917 0
918 0
919 0
920 0
921 0
922 0
923 0
924 0
925 0
926 0
927 0
928 0
929 0
930 0
931 0
932 0
933 0
934 0
935 0
936 0
937 0
938 0
939 0
940 0
941 0
942 0
943 0
944 0
945 0
946 0
947 0
948 0
949 0
950 0
951 0
952 0
953 0
954 0
955 0
956 0
957 0
958 0
959 0
960 0
961 0
962 0
963 0
964 0
965 0
966 0
967 0
968 0
969 0
970 0
971 0
972 0
973 0
974 0
975 0
976 0
977 0
978 0
979 0
980 0
981 0
982 0
983 0
984 0
985 0
986 0
987 0
988 0
989 0
990 0
991 0
992 268462986
993 0
994 0
995 0
996 0
997 0
998 0
999 0
1000 0
1001 0
1002 0
1003 0
1004 0
1005 0
1006 0
1007 0
1008 0
1009 0
1010 0
1011 0
1012 0
1013 0
1014 0
1015 0
1016 0
1017 0
1018 0
1019 0
1020 0
1021 0
1022 0
1023 0